Dataset {
    Float32 lon[lon = 1];
    Float32 lat[lat = 1];
    Float32 z[z = 1];
    Float64 time[time = 721];
    Grid {
     ARRAY:
        Float32 Thgt[time = 721][z = 1][lat = 1][lon = 1];
     MAPS:
        Float64 time[time = 721];
        Float32 z[z = 1];
        Float32 lat[lat = 1];
        Float32 lon[lon = 1];
    } Thgt;
    Grid {
     ARRAY:
        Float32 Tper[time = 721][z = 1][lat = 1][lon = 1];
     MAPS:
        Float64 time[time = 721];
        Float32 z[z = 1];
        Float32 lat[lat = 1];
        Float32 lon[lon = 1];
    } Tper;
    Grid {
     ARRAY:
        Float32 Tdir[time = 721][z = 1][lat = 1][lon = 1];
     MAPS:
        Float64 time[time = 721];
        Float32 z[z = 1];
        Float32 lat[lat = 1];
        Float32 lon[lon = 1];
    } Tdir;
} ww3_global/WaveWatch_III_Global_Wave_Model_best.ncd;
---------------------------------------------
lon[1]
103.0

lat[1]
-14.0

z[1]
0.0

time[721]
9400.0, 9401.0, 9402.0, 9403.0, 9404.0, 9405.0, 9406.0, 9407.0, 9408.0, 9409.0, 9410.0, 9411.0, 9412.0, 9413.0, 9414.0, 9415.0, 9416.0, 9417.0, 9418.0, 9419.0, 9420.0, 9421.0, 9422.0, 9423.0, 9424.0, 9425.0, 9426.0, 9427.0, 9428.0, 9429.0, 9430.0, 9431.0, 9432.0, 9433.0, 9434.0, 9435.0, 9436.0, 9437.0, 9438.0, 9439.0, 9440.0, 9441.0, 9442.0, 9443.0, 9444.0, 9445.0, 9446.0, 9447.0, 9448.0, 9449.0, 9450.0, 9451.0, 9452.0, 9453.0, 9454.0, 9455.0, 9456.0, 9457.0, 9458.0, 9459.0, 9460.0, 9461.0, 9462.0, 9463.0, 9464.0, 9465.0, 9466.0, 9467.0, 9468.0, 9469.0, 9470.0, 9471.0, 9472.0, 9473.0, 9474.0, 9475.0, 9476.0, 9477.0, 9478.0, 9479.0, 9480.0, 9481.0, 9482.0, 9483.0, 9484.0, 9485.0, 9486.0, 9487.0, 9488.0, 9489.0, 9490.0, 9491.0, 9492.0, 9493.0, 9494.0, 9495.0, 9496.0, 9497.0, 9498.0, 9499.0, 9500.0, 9501.0, 9502.0, 9503.0, 9504.0, 9505.0, 9506.0, 9507.0, 9508.0, 9509.0, 9510.0, 9511.0, 9512.0, 9513.0, 9514.0, 9515.0, 9516.0, 9517.0, 9518.0, 9519.0, 9520.0, 9521.0, 9522.0, 9523.0, 9524.0, 9525.0, 9526.0, 9527.0, 9528.0, 9529.0, 9530.0, 9531.0, 9532.0, 9533.0, 9534.0, 9535.0, 9536.0, 9537.0, 9538.0, 9539.0, 9540.0, 9541.0, 9542.0, 9543.0, 9544.0, 9545.0, 9546.0, 9547.0, 9548.0, 9549.0, 9550.0, 9551.0, 9552.0, 9553.0, 9554.0, 9555.0, 9556.0, 9557.0, 9558.0, 9559.0, 9560.0, 9561.0, 9562.0, 9563.0, 9564.0, 9565.0, 9566.0, 9567.0, 9568.0, 9569.0, 9570.0, 9571.0, 9572.0, 9573.0, 9574.0, 9575.0, 9576.0, 9577.0, 9578.0, 9579.0, 9580.0, 9581.0, 9582.0, 9583.0, 9584.0, 9585.0, 9586.0, 9587.0, 9588.0, 9589.0, 9590.0, 9591.0, 9592.0, 9593.0, 9594.0, 9595.0, 9596.0, 9597.0, 9598.0, 9599.0, 9600.0, 9601.0, 9602.0, 9603.0, 9604.0, 9605.0, 9606.0, 9607.0, 9608.0, 9609.0, 9610.0, 9611.0, 9612.0, 9613.0, 9614.0, 9615.0, 9616.0, 9617.0, 9618.0, 9619.0, 9620.0, 9621.0, 9622.0, 9623.0, 9624.0, 9625.0, 9626.0, 9627.0, 9628.0, 9629.0, 9630.0, 9631.0, 9632.0, 9633.0, 9634.0, 9635.0, 9636.0, 9637.0, 9638.0, 9639.0, 9640.0, 9641.0, 9642.0, 9643.0, 9644.0, 9645.0, 9646.0, 9647.0, 9648.0, 9649.0, 9650.0, 9651.0, 9652.0, 9653.0, 9654.0, 9655.0, 9656.0, 9657.0, 9658.0, 9659.0, 9660.0, 9661.0, 9662.0, 9663.0, 9664.0, 9665.0, 9666.0, 9667.0, 9668.0, 9669.0, 9670.0, 9671.0, 9672.0, 9673.0, 9674.0, 9675.0, 9676.0, 9677.0, 9678.0, 9679.0, 9680.0, 9681.0, 9682.0, 9683.0, 9684.0, 9685.0, 9686.0, 9687.0, 9688.0, 9689.0, 9690.0, 9691.0, 9692.0, 9693.0, 9694.0, 9695.0, 9696.0, 9697.0, 9698.0, 9699.0, 9700.0, 9701.0, 9702.0, 9703.0, 9704.0, 9705.0, 9706.0, 9707.0, 9708.0, 9709.0, 9710.0, 9711.0, 9712.0, 9713.0, 9714.0, 9715.0, 9716.0, 9717.0, 9718.0, 9719.0, 9720.0, 9721.0, 9722.0, 9723.0, 9724.0, 9725.0, 9726.0, 9727.0, 9728.0, 9729.0, 9730.0, 9731.0, 9732.0, 9733.0, 9734.0, 9735.0, 9736.0, 9737.0, 9738.0, 9739.0, 9740.0, 9741.0, 9742.0, 9743.0, 9744.0, 9745.0, 9746.0, 9747.0, 9748.0, 9749.0, 9750.0, 9751.0, 9752.0, 9753.0, 9754.0, 9755.0, 9756.0, 9757.0, 9758.0, 9759.0, 9760.0, 9761.0, 9762.0, 9763.0, 9764.0, 9765.0, 9766.0, 9767.0, 9768.0, 9769.0, 9770.0, 9771.0, 9772.0, 9773.0, 9774.0, 9775.0, 9776.0, 9777.0, 9778.0, 9779.0, 9780.0, 9781.0, 9782.0, 9783.0, 9784.0, 9785.0, 9786.0, 9787.0, 9788.0, 9789.0, 9790.0, 9791.0, 9792.0, 9793.0, 9794.0, 9795.0, 9796.0, 9797.0, 9798.0, 9799.0, 9800.0, 9801.0, 9802.0, 9803.0, 9804.0, 9805.0, 9806.0, 9807.0, 9808.0, 9809.0, 9810.0, 9811.0, 9812.0, 9813.0, 9814.0, 9815.0, 9816.0, 9817.0, 9818.0, 9819.0, 9820.0, 9821.0, 9822.0, 9823.0, 9824.0, 9825.0, 9826.0, 9827.0, 9828.0, 9829.0, 9830.0, 9831.0, 9832.0, 9833.0, 9834.0, 9835.0, 9836.0, 9837.0, 9838.0, 9839.0, 9840.0, 9841.0, 9842.0, 9843.0, 9844.0, 9845.0, 9846.0, 9847.0, 9848.0, 9849.0, 9850.0, 9851.0, 9852.0, 9853.0, 9854.0, 9855.0, 9856.0, 9857.0, 9858.0, 9859.0, 9860.0, 9861.0, 9862.0, 9863.0, 9864.0, 9865.0, 9866.0, 9867.0, 9868.0, 9869.0, 9870.0, 9871.0, 9872.0, 9873.0, 9874.0, 9875.0, 9876.0, 9877.0, 9878.0, 9879.0, 9880.0, 9881.0, 9882.0, 9883.0, 9884.0, 9885.0, 9886.0, 9887.0, 9888.0, 9889.0, 9890.0, 9891.0, 9892.0, 9893.0, 9894.0, 9895.0, 9896.0, 9897.0, 9898.0, 9899.0, 9900.0, 9901.0, 9902.0, 9903.0, 9904.0, 9905.0, 9906.0, 9907.0, 9908.0, 9909.0, 9910.0, 9911.0, 9912.0, 9913.0, 9914.0, 9915.0, 9916.0, 9917.0, 9918.0, 9919.0, 9920.0, 9921.0, 9922.0, 9923.0, 9924.0, 9925.0, 9926.0, 9927.0, 9928.0, 9929.0, 9930.0, 9931.0, 9932.0, 9933.0, 9934.0, 9935.0, 9936.0, 9937.0, 9938.0, 9939.0, 9940.0, 9941.0, 9942.0, 9943.0, 9944.0, 9945.0, 9946.0, 9947.0, 9948.0, 9949.0, 9950.0, 9951.0, 9952.0, 9953.0, 9954.0, 9955.0, 9956.0, 9957.0, 9958.0, 9959.0, 9960.0, 9961.0, 9962.0, 9963.0, 9964.0, 9965.0, 9966.0, 9967.0, 9968.0, 9969.0, 9970.0, 9971.0, 9972.0, 9973.0, 9974.0, 9975.0, 9976.0, 9977.0, 9978.0, 9979.0, 9980.0, 9981.0, 9982.0, 9983.0, 9984.0, 9985.0, 9986.0, 9987.0, 9988.0, 9989.0, 9990.0, 9991.0, 9992.0, 9993.0, 9994.0, 9995.0, 9996.0, 9997.0, 9998.0, 9999.0, 10000.0, 10001.0, 10002.0, 10003.0, 10004.0, 10005.0, 10006.0, 10007.0, 10008.0, 10009.0, 10010.0, 10011.0, 10012.0, 10013.0, 10014.0, 10015.0, 10016.0, 10017.0, 10018.0, 10019.0, 10020.0, 10021.0, 10022.0, 10023.0, 10024.0, 10025.0, 10026.0, 10027.0, 10028.0, 10029.0, 10030.0, 10031.0, 10032.0, 10033.0, 10034.0, 10035.0, 10036.0, 10037.0, 10038.0, 10039.0, 10040.0, 10041.0, 10042.0, 10043.0, 10044.0, 10045.0, 10046.0, 10047.0, 10048.0, 10049.0, 10050.0, 10051.0, 10052.0, 10053.0, 10054.0, 10055.0, 10056.0, 10057.0, 10058.0, 10059.0, 10060.0, 10061.0, 10062.0, 10063.0, 10064.0, 10065.0, 10066.0, 10067.0, 10068.0, 10069.0, 10070.0, 10071.0, 10072.0, 10073.0, 10074.0, 10075.0, 10076.0, 10077.0, 10078.0, 10079.0, 10080.0, 10081.0, 10082.0, 10083.0, 10084.0, 10085.0, 10086.0, 10087.0, 10088.0, 10089.0, 10090.0, 10091.0, 10092.0, 10093.0, 10094.0, 10095.0, 10096.0, 10097.0, 10098.0, 10099.0, 10100.0, 10101.0, 10102.0, 10103.0, 10104.0, 10105.0, 10106.0, 10107.0, 10108.0, 10109.0, 10110.0, 10111.0, 10112.0, 10113.0, 10114.0, 10115.0, 10116.0, 10117.0, 10118.0, 10119.0, 10120.0

Thgt.Thgt[721][1][1][1]
[0][0][0], 1.49
[1][0][0], 1.5
[2][0][0], 1.51
[3][0][0], 1.53
[4][0][0], 1.55
[5][0][0], 1.63
[6][0][0], 1.66
[7][0][0], 1.6899999
[8][0][0], 1.7099999
[9][0][0], 1.74
[10][0][0], 1.77
[11][0][0], 1.79
[12][0][0], 1.81
[13][0][0], 1.8299999
[14][0][0], 1.8399999
[15][0][0], 1.8399999
[16][0][0], 1.8399999
[17][0][0], 1.8299999
[18][0][0], 1.8299999
[19][0][0], 1.81
[20][0][0], 1.8
[21][0][0], 1.79
[22][0][0], 1.78
[23][0][0], 1.77
[24][0][0], 1.77
[25][0][0], 1.78
[26][0][0], 1.79
[27][0][0], 1.8
[28][0][0], 1.8199999
[29][0][0], 1.8399999
[30][0][0], 1.87
[31][0][0], 1.89
[32][0][0], 1.92
[33][0][0], 1.9499999
[34][0][0], 1.9699999
[35][0][0], 2.0
[36][0][0], 2.02
[37][0][0], 2.04
[38][0][0], 2.06
[39][0][0], 2.07
[40][0][0], 2.09
[41][0][0], 2.1
[42][0][0], 2.11
[43][0][0], 2.12
[44][0][0], 2.1299999
[45][0][0], 2.1299999
[46][0][0], 2.1299999
[47][0][0], 2.1299999
[48][0][0], 2.1299999
[49][0][0], 2.1299999
[50][0][0], 2.1299999
[51][0][0], 2.1299999
[52][0][0], 2.12
[53][0][0], 2.08
[54][0][0], 2.07
[55][0][0], 2.06
[56][0][0], 2.06
[57][0][0], 2.05
[58][0][0], 2.04
[59][0][0], 2.04
[60][0][0], 2.03
[61][0][0], 2.02
[62][0][0], 2.02
[63][0][0], 2.02
[64][0][0], 2.02
[65][0][0], 2.02
[66][0][0], 2.02
[67][0][0], 2.02
[68][0][0], 2.02
[69][0][0], 2.02
[70][0][0], 2.02
[71][0][0], 2.03
[72][0][0], 2.03
[73][0][0], 2.03
[74][0][0], 2.04
[75][0][0], 2.04
[76][0][0], 2.04
[77][0][0], 2.04
[78][0][0], 2.03
[79][0][0], 2.03
[80][0][0], 2.03
[81][0][0], 2.03
[82][0][0], 2.03
[83][0][0], 2.02
[84][0][0], 2.02
[85][0][0], 2.01
[86][0][0], 2.01
[87][0][0], 2.0
[88][0][0], 1.99
[89][0][0], 1.99
[90][0][0], 1.9799999
[91][0][0], 1.9599999
[92][0][0], 1.9399999
[93][0][0], 1.93
[94][0][0], 1.91
[95][0][0], 1.89
[96][0][0], 1.87
[97][0][0], 1.86
[98][0][0], 1.8499999
[99][0][0], 1.8399999
[100][0][0], 1.8299999
[101][0][0], 1.66
[102][0][0], 1.6899999
[103][0][0], 1.73
[104][0][0], 1.76
[105][0][0], 1.8
[106][0][0], 1.8299999
[107][0][0], 1.87
[108][0][0], 1.92
[109][0][0], 1.9599999
[110][0][0], 2.0
[111][0][0], 2.04
[112][0][0], 2.09
[113][0][0], 2.1299999
[114][0][0], 2.18
[115][0][0], 2.23
[116][0][0], 2.29
[117][0][0], 2.34
[118][0][0], 2.3999999
[119][0][0], 2.46
[120][0][0], 2.55
[121][0][0], 2.6699998
[122][0][0], 2.82
[123][0][0], 2.98
[124][0][0], 3.1299999
[125][0][0], 3.0
[126][0][0], 3.1399999
[127][0][0], 3.26
[128][0][0], 3.35
[129][0][0], 3.4099998
[130][0][0], 3.4399998
[131][0][0], 3.4499998
[132][0][0], 3.4199998
[133][0][0], 3.36
[134][0][0], 3.29
[135][0][0], 3.1999998
[136][0][0], 3.1
[137][0][0], 3.0
[138][0][0], 2.8999999
[139][0][0], 2.8
[140][0][0], 2.71
[141][0][0], 2.6399999
[142][0][0], 2.57
[143][0][0], 2.5
[144][0][0], 2.45
[145][0][0], 2.3999999
[146][0][0], 2.36
[147][0][0], 2.33
[148][0][0], 2.31
[149][0][0], 2.55
[150][0][0], 2.48
[151][0][0], 2.4099998
[152][0][0], 2.35
[153][0][0], 2.29
[154][0][0], 2.24
[155][0][0], 2.2
[156][0][0], 2.1599998
[157][0][0], 2.12
[158][0][0], 2.09
[159][0][0], 2.07
[160][0][0], 2.05
[161][0][0], 2.04
[162][0][0], 2.03
[163][0][0], 2.02
[164][0][0], 2.02
[165][0][0], 2.02
[166][0][0], 2.02
[167][0][0], 2.01
[168][0][0], 2.01
[169][0][0], 2.0
[170][0][0], 1.99
[171][0][0], 1.9699999
[172][0][0], 1.9599999
[173][0][0], 2.11
[174][0][0], 2.07
[175][0][0], 2.05
[176][0][0], 2.03
[177][0][0], 2.02
[178][0][0], 2.01
[179][0][0], 2.01
[180][0][0], 2.0
[181][0][0], 2.0
[182][0][0], 2.0
[183][0][0], 2.0
[184][0][0], 2.0
[185][0][0], 2.0
[186][0][0], 2.01
[187][0][0], 2.01
[188][0][0], 2.02
[189][0][0], 2.03
[190][0][0], 2.04
[191][0][0], 2.05
[192][0][0], 2.06
[193][0][0], 2.07
[194][0][0], 2.08
[195][0][0], 2.09
[196][0][0], 2.09
[197][0][0], 2.08
[198][0][0], 2.08
[199][0][0], 2.07
[200][0][0], 2.07
[201][0][0], 2.06
[202][0][0], 2.05
[203][0][0], 2.04
[204][0][0], 2.03
[205][0][0], 2.02
[206][0][0], 2.0
[207][0][0], 1.99
[208][0][0], 1.9699999
[209][0][0], 1.9599999
[210][0][0], 1.9399999
[211][0][0], 1.93
[212][0][0], 1.92
[213][0][0], 1.9
[214][0][0], 1.89
[215][0][0], 1.88
[216][0][0], 1.86
[217][0][0], 1.8499999
[218][0][0], 1.8399999
[219][0][0], 1.8199999
[220][0][0], 1.81
[221][0][0], 1.78
[222][0][0], 1.77
[223][0][0], 1.77
[224][0][0], 1.76
[225][0][0], 1.76
[226][0][0], 1.75
[227][0][0], 1.75
[228][0][0], 1.75
[229][0][0], 1.75
[230][0][0], 1.75
[231][0][0], 1.75
[232][0][0], 1.76
[233][0][0], 1.78
[234][0][0], 1.79
[235][0][0], 1.8199999
[236][0][0], 1.8499999
[237][0][0], 1.89
[238][0][0], 1.9399999
[239][0][0], 1.99
[240][0][0], 2.05
[241][0][0], 2.12
[242][0][0], 2.2
[243][0][0], 2.28
[244][0][0], 2.35
[245][0][0], 2.36
[246][0][0], 2.4299998
[247][0][0], 2.5
[248][0][0], 2.55
[249][0][0], 2.6
[250][0][0], 2.6399999
[251][0][0], 2.6799998
[252][0][0], 2.71
[253][0][0], 2.72
[254][0][0], 2.73
[255][0][0], 2.74
[256][0][0], 2.73
[257][0][0], 2.72
[258][0][0], 2.72
[259][0][0], 2.71
[260][0][0], 2.71
[261][0][0], 2.71
[262][0][0], 2.71
[263][0][0], 2.71
[264][0][0], 2.72
[265][0][0], 2.72
[266][0][0], 2.72
[267][0][0], 2.72
[268][0][0], 2.71
[269][0][0], 2.59
[270][0][0], 2.6
[271][0][0], 2.6
[272][0][0], 2.59
[273][0][0], 2.58
[274][0][0], 2.57
[275][0][0], 2.56
[276][0][0], 2.54
[277][0][0], 2.52
[278][0][0], 2.49
[279][0][0], 2.47
[280][0][0], 2.45
[281][0][0], 2.4199998
[282][0][0], 2.3899999
[283][0][0], 2.35
[284][0][0], 2.32
[285][0][0], 2.28
[286][0][0], 2.25
[287][0][0], 2.21
[288][0][0], 2.18
[289][0][0], 2.1499999
[290][0][0], 2.12
[291][0][0], 2.1
[292][0][0], 2.08
[293][0][0], 2.18
[294][0][0], 2.1599998
[295][0][0], 2.1499999
[296][0][0], 2.1299999
[297][0][0], 2.11
[298][0][0], 2.09
[299][0][0], 2.07
[300][0][0], 2.05
[301][0][0], 2.02
[302][0][0], 2.0
[303][0][0], 1.9799999
[304][0][0], 1.9699999
[305][0][0], 1.9499999
[306][0][0], 1.9399999
[307][0][0], 1.9399999
[308][0][0], 1.9399999
[309][0][0], 1.93
[310][0][0], 1.93
[311][0][0], 1.92
[312][0][0], 1.92
[313][0][0], 1.91
[314][0][0], 1.89
[315][0][0], 1.88
[316][0][0], 1.86
[317][0][0], 2.01
[318][0][0], 1.9799999
[319][0][0], 1.9499999
[320][0][0], 1.92
[321][0][0], 1.89
[322][0][0], 1.87
[323][0][0], 1.8499999
[324][0][0], 1.8299999
[325][0][0], 1.8199999
[326][0][0], 1.81
[327][0][0], 1.8
[328][0][0], 1.79
[329][0][0], 1.79
[330][0][0], 1.78
[331][0][0], 1.77
[332][0][0], 1.76
[333][0][0], 1.75
[334][0][0], 1.73
[335][0][0], 1.7099999
[336][0][0], 1.6899999
[337][0][0], 1.68
[338][0][0], 1.66
[339][0][0], 1.64
[340][0][0], 1.63
[341][0][0], 1.7099999
[342][0][0], 1.6899999
[343][0][0], 1.67
[344][0][0], 1.65
[345][0][0], 1.64
[346][0][0], 1.63
[347][0][0], 1.62
[348][0][0], 1.61
[349][0][0], 1.61
[350][0][0], 1.5999999
[351][0][0], 1.5899999
[352][0][0], 1.5899999
[353][0][0], 1.5799999
[354][0][0], 1.5699999
[355][0][0], 1.56
[356][0][0], 1.55
[357][0][0], 1.55
[358][0][0], 1.54
[359][0][0], 1.53
[360][0][0], 1.52
[361][0][0], 1.52
[362][0][0], 1.52
[363][0][0], 1.51
[364][0][0], 1.51
[365][0][0], 1.64
[366][0][0], 1.63
[367][0][0], 1.63
[368][0][0], 1.62
[369][0][0], 1.61
[370][0][0], 1.5899999
[371][0][0], 1.5799999
[372][0][0], 1.5699999
[373][0][0], 1.5699999
[374][0][0], 1.5699999
[375][0][0], 1.5699999
[376][0][0], 1.5799999
[377][0][0], 1.5799999
[378][0][0], 1.5899999
[379][0][0], 1.5899999
[380][0][0], 1.5999999
[381][0][0], 1.5999999
[382][0][0], 1.5999999
[383][0][0], 1.5999999
[384][0][0], 1.5999999
[385][0][0], 1.5999999
[386][0][0], 1.5999999
[387][0][0], 1.5999999
[388][0][0], 1.61
[389][0][0], 1.61
[390][0][0], 1.62
[391][0][0], 1.63
[392][0][0], 1.65
[393][0][0], 1.67
[394][0][0], 1.6999999
[395][0][0], 1.73
[396][0][0], 1.76
[397][0][0], 1.79
[398][0][0], 1.8299999
[399][0][0], 1.89
[400][0][0], 1.9499999
[401][0][0], 2.01
[402][0][0], 2.09
[403][0][0], 2.1699998
[404][0][0], 2.25
[405][0][0], 2.33
[406][0][0], 2.3999999
[407][0][0], 2.47
[408][0][0], 2.53
[409][0][0], 2.58
[410][0][0], 2.6299999
[411][0][0], 2.6599998
[412][0][0], 2.69
[413][0][0], 2.61
[414][0][0], 2.6299999
[415][0][0], 2.6399999
[416][0][0], 2.6599998
[417][0][0], 2.6699998
[418][0][0], 2.6699998
[419][0][0], 2.6799998
[420][0][0], 2.69
[421][0][0], 2.69
[422][0][0], 2.7
[423][0][0], 2.7
[424][0][0], 2.69
[425][0][0], 2.6799998
[426][0][0], 2.6599998
[427][0][0], 2.6399999
[428][0][0], 2.62
[429][0][0], 2.59
[430][0][0], 2.57
[431][0][0], 2.55
[432][0][0], 2.52
[433][0][0], 2.5
[434][0][0], 2.48
[435][0][0], 2.46
[436][0][0], 2.45
[437][0][0], 2.4299998
[438][0][0], 2.4199998
[439][0][0], 2.3999999
[440][0][0], 2.3899999
[441][0][0], 2.36
[442][0][0], 2.34
[443][0][0], 2.31
[444][0][0], 2.28
[445][0][0], 2.24
[446][0][0], 2.21
[447][0][0], 2.18
[448][0][0], 2.1399999
[449][0][0], 2.11
[450][0][0], 2.08
[451][0][0], 2.05
[452][0][0], 2.03
[453][0][0], 2.02
[454][0][0], 2.0
[455][0][0], 1.99
[456][0][0], 1.9699999
[457][0][0], 1.9499999
[458][0][0], 1.92
[459][0][0], 1.89
[460][0][0], 1.86
[461][0][0], 1.89
[462][0][0], 1.87
[463][0][0], 1.8499999
[464][0][0], 1.8299999
[465][0][0], 1.81
[466][0][0], 1.78
[467][0][0], 1.76
[468][0][0], 1.73
[469][0][0], 1.7099999
[470][0][0], 1.6899999
[471][0][0], 1.67
[472][0][0], 1.65
[473][0][0], 1.63
[474][0][0], 1.61
[475][0][0], 1.5999999
[476][0][0], 1.5899999
[477][0][0], 1.5899999
[478][0][0], 1.5899999
[479][0][0], 1.5899999
[480][0][0], 1.5899999
[481][0][0], 1.5899999
[482][0][0], 1.5999999
[483][0][0], 1.5999999
[484][0][0], 1.5999999
[485][0][0], 1.6899999
[486][0][0], 1.6899999
[487][0][0], 1.6899999
[488][0][0], 1.6899999
[489][0][0], 1.6899999
[490][0][0], 1.6999999
[491][0][0], 1.6999999
[492][0][0], 1.7199999
[493][0][0], 1.74
[494][0][0], 1.76
[495][0][0], 1.79
[496][0][0], 1.8199999
[497][0][0], 1.86
[498][0][0], 1.9
[499][0][0], 1.9399999
[500][0][0], 1.99
[501][0][0], 2.04
[502][0][0], 2.09
[503][0][0], 2.1399999
[504][0][0], 2.19
[505][0][0], 2.25
[506][0][0], 2.31
[507][0][0], 2.37
[508][0][0], 2.4299998
[509][0][0], 2.6399999
[510][0][0], 2.7
[511][0][0], 2.74
[512][0][0], 2.79
[513][0][0], 2.83
[514][0][0], 2.86
[515][0][0], 2.8899999
[516][0][0], 2.9099998
[517][0][0], 2.9199998
[518][0][0], 2.9299998
[519][0][0], 2.9399998
[520][0][0], 2.9399998
[521][0][0], 2.9399998
[522][0][0], 2.9299998
[523][0][0], 2.9199998
[524][0][0], 2.9099998
[525][0][0], 2.8999999
[526][0][0], 2.8899999
[527][0][0], 2.8799999
[528][0][0], 2.86
[529][0][0], 2.85
[530][0][0], 2.83
[531][0][0], 2.81
[532][0][0], 2.79
[533][0][0], 3.01
[534][0][0], 2.97
[535][0][0], 2.9399998
[536][0][0], 2.9099998
[537][0][0], 2.8799999
[538][0][0], 2.85
[539][0][0], 2.82
[540][0][0], 2.79
[541][0][0], 2.76
[542][0][0], 2.73
[543][0][0], 2.7
[544][0][0], 2.6599998
[545][0][0], 2.6299999
[546][0][0], 2.6
[547][0][0], 2.57
[548][0][0], 2.54
[549][0][0], 2.52
[550][0][0], 2.49
[551][0][0], 2.47
[552][0][0], 2.44
[553][0][0], 2.4199998
[554][0][0], 2.4099998
[555][0][0], 2.3999999
[556][0][0], 2.3999999
[557][0][0], 2.58
[558][0][0], 2.58
[559][0][0], 2.59
[560][0][0], 2.6
[561][0][0], 2.62
[562][0][0], 2.6299999
[563][0][0], 2.6499999
[564][0][0], 2.6599998
[565][0][0], 2.6599998
[566][0][0], 2.6599998
[567][0][0], 2.6499999
[568][0][0], 2.6399999
[569][0][0], 2.62
[570][0][0], 2.6
[571][0][0], 2.58
[572][0][0], 2.55
[573][0][0], 2.53
[574][0][0], 2.5
[575][0][0], 2.47
[576][0][0], 2.45
[577][0][0], 2.4199998
[578][0][0], 2.3999999
[579][0][0], 2.3799999
[580][0][0], 2.36
[581][0][0], 2.57
[582][0][0], 2.53
[583][0][0], 2.51
[584][0][0], 2.49
[585][0][0], 2.47
[586][0][0], 2.46
[587][0][0], 2.45
[588][0][0], 2.44
[589][0][0], 2.4299998
[590][0][0], 2.4199998
[591][0][0], 2.4099998
[592][0][0], 2.3999999
[593][0][0], 2.3899999
[594][0][0], 2.3799999
[595][0][0], 2.37
[596][0][0], 2.36
[597][0][0], 2.35
[598][0][0], 2.34
[599][0][0], 2.33
[600][0][0], 2.32
[601][0][0], 2.3
[602][0][0], 2.28
[603][0][0], 2.27
[604][0][0], 2.25
[605][0][0], 2.3999999
[606][0][0], 2.36
[607][0][0], 2.33
[608][0][0], 2.31
[609][0][0], 2.29
[610][0][0], 2.27
[611][0][0], 2.26
[612][0][0], 2.25
[613][0][0], 2.24
[614][0][0], 2.23
[615][0][0], 2.22
[616][0][0], 2.22
[617][0][0], 2.21
[618][0][0], 2.21
[619][0][0], 2.21
[620][0][0], 2.21
[621][0][0], 2.22
[622][0][0], 2.22
[623][0][0], 2.22
[624][0][0], 2.23
[625][0][0], 2.23
[626][0][0], 2.24
[627][0][0], 2.24
[628][0][0], 2.24
[629][0][0], 2.28
[630][0][0], 2.27
[631][0][0], 2.27
[632][0][0], 2.27
[633][0][0], 2.26
[634][0][0], 2.26
[635][0][0], 2.26
[636][0][0], 2.25
[637][0][0], 2.24
[638][0][0], 2.24
[639][0][0], 2.23
[640][0][0], 2.22
[641][0][0], 2.2
[642][0][0], 2.19
[643][0][0], 2.18
[644][0][0], 2.1599998
[645][0][0], 2.1399999
[646][0][0], 2.1299999
[647][0][0], 2.11
[648][0][0], 2.09
[649][0][0], 2.08
[650][0][0], 2.06
[651][0][0], 2.04
[652][0][0], 2.02
[653][0][0], 2.0
[654][0][0], 1.99
[655][0][0], 1.9699999
[656][0][0], 1.9499999
[657][0][0], 1.9399999
[658][0][0], 1.93
[659][0][0], 1.92
[660][0][0], 1.91
[661][0][0], 1.9
[662][0][0], 1.89
[663][0][0], 1.89
[664][0][0], 1.89
[665][0][0], 1.89
[666][0][0], 1.89
[667][0][0], 1.9
[668][0][0], 1.91
[669][0][0], 1.92
[670][0][0], 1.93
[671][0][0], 1.9399999
[672][0][0], 1.9499999
[673][0][0], 1.9699999
[674][0][0], 1.9799999
[675][0][0], 2.0
[676][0][0], 2.02
[677][0][0], 2.01
[678][0][0], 2.03
[679][0][0], 2.05
[680][0][0], 2.07
[681][0][0], 2.09
[682][0][0], 2.11
[683][0][0], 2.1399999
[684][0][0], 2.1599998
[685][0][0], 2.1699998
[686][0][0], 2.19
[687][0][0], 2.21
[688][0][0], 2.22
[689][0][0], 2.23
[690][0][0], 2.24
[691][0][0], 2.24
[692][0][0], 2.24
[693][0][0], 2.24
[694][0][0], 2.24
[695][0][0], 2.23
[696][0][0], 2.22
[697][0][0], 2.21
[698][0][0], 2.2
[699][0][0], 2.19
[700][0][0], 2.18
[701][0][0], 2.12
[702][0][0], 2.1
[703][0][0], 2.08
[704][0][0], 2.07
[705][0][0], 2.05
[706][0][0], 2.03
[707][0][0], 2.01
[708][0][0], 1.99
[709][0][0], 1.9799999
[710][0][0], 1.9599999
[711][0][0], 1.9399999
[712][0][0], 1.93
[713][0][0], 1.91
[714][0][0], 1.9
[715][0][0], 1.88
[716][0][0], 1.87
[717][0][0], 1.86
[718][0][0], 1.8399999
[719][0][0], 1.8299999
[720][0][0], 1.8199999

Thgt.time[721]
9400.0, 9401.0, 9402.0, 9403.0, 9404.0, 9405.0, 9406.0, 9407.0, 9408.0, 9409.0, 9410.0, 9411.0, 9412.0, 9413.0, 9414.0, 9415.0, 9416.0, 9417.0, 9418.0, 9419.0, 9420.0, 9421.0, 9422.0, 9423.0, 9424.0, 9425.0, 9426.0, 9427.0, 9428.0, 9429.0, 9430.0, 9431.0, 9432.0, 9433.0, 9434.0, 9435.0, 9436.0, 9437.0, 9438.0, 9439.0, 9440.0, 9441.0, 9442.0, 9443.0, 9444.0, 9445.0, 9446.0, 9447.0, 9448.0, 9449.0, 9450.0, 9451.0, 9452.0, 9453.0, 9454.0, 9455.0, 9456.0, 9457.0, 9458.0, 9459.0, 9460.0, 9461.0, 9462.0, 9463.0, 9464.0, 9465.0, 9466.0, 9467.0, 9468.0, 9469.0, 9470.0, 9471.0, 9472.0, 9473.0, 9474.0, 9475.0, 9476.0, 9477.0, 9478.0, 9479.0, 9480.0, 9481.0, 9482.0, 9483.0, 9484.0, 9485.0, 9486.0, 9487.0, 9488.0, 9489.0, 9490.0, 9491.0, 9492.0, 9493.0, 9494.0, 9495.0, 9496.0, 9497.0, 9498.0, 9499.0, 9500.0, 9501.0, 9502.0, 9503.0, 9504.0, 9505.0, 9506.0, 9507.0, 9508.0, 9509.0, 9510.0, 9511.0, 9512.0, 9513.0, 9514.0, 9515.0, 9516.0, 9517.0, 9518.0, 9519.0, 9520.0, 9521.0, 9522.0, 9523.0, 9524.0, 9525.0, 9526.0, 9527.0, 9528.0, 9529.0, 9530.0, 9531.0, 9532.0, 9533.0, 9534.0, 9535.0, 9536.0, 9537.0, 9538.0, 9539.0, 9540.0, 9541.0, 9542.0, 9543.0, 9544.0, 9545.0, 9546.0, 9547.0, 9548.0, 9549.0, 9550.0, 9551.0, 9552.0, 9553.0, 9554.0, 9555.0, 9556.0, 9557.0, 9558.0, 9559.0, 9560.0, 9561.0, 9562.0, 9563.0, 9564.0, 9565.0, 9566.0, 9567.0, 9568.0, 9569.0, 9570.0, 9571.0, 9572.0, 9573.0, 9574.0, 9575.0, 9576.0, 9577.0, 9578.0, 9579.0, 9580.0, 9581.0, 9582.0, 9583.0, 9584.0, 9585.0, 9586.0, 9587.0, 9588.0, 9589.0, 9590.0, 9591.0, 9592.0, 9593.0, 9594.0, 9595.0, 9596.0, 9597.0, 9598.0, 9599.0, 9600.0, 9601.0, 9602.0, 9603.0, 9604.0, 9605.0, 9606.0, 9607.0, 9608.0, 9609.0, 9610.0, 9611.0, 9612.0, 9613.0, 9614.0, 9615.0, 9616.0, 9617.0, 9618.0, 9619.0, 9620.0, 9621.0, 9622.0, 9623.0, 9624.0, 9625.0, 9626.0, 9627.0, 9628.0, 9629.0, 9630.0, 9631.0, 9632.0, 9633.0, 9634.0, 9635.0, 9636.0, 9637.0, 9638.0, 9639.0, 9640.0, 9641.0, 9642.0, 9643.0, 9644.0, 9645.0, 9646.0, 9647.0, 9648.0, 9649.0, 9650.0, 9651.0, 9652.0, 9653.0, 9654.0, 9655.0, 9656.0, 9657.0, 9658.0, 9659.0, 9660.0, 9661.0, 9662.0, 9663.0, 9664.0, 9665.0, 9666.0, 9667.0, 9668.0, 9669.0, 9670.0, 9671.0, 9672.0, 9673.0, 9674.0, 9675.0, 9676.0, 9677.0, 9678.0, 9679.0, 9680.0, 9681.0, 9682.0, 9683.0, 9684.0, 9685.0, 9686.0, 9687.0, 9688.0, 9689.0, 9690.0, 9691.0, 9692.0, 9693.0, 9694.0, 9695.0, 9696.0, 9697.0, 9698.0, 9699.0, 9700.0, 9701.0, 9702.0, 9703.0, 9704.0, 9705.0, 9706.0, 9707.0, 9708.0, 9709.0, 9710.0, 9711.0, 9712.0, 9713.0, 9714.0, 9715.0, 9716.0, 9717.0, 9718.0, 9719.0, 9720.0, 9721.0, 9722.0, 9723.0, 9724.0, 9725.0, 9726.0, 9727.0, 9728.0, 9729.0, 9730.0, 9731.0, 9732.0, 9733.0, 9734.0, 9735.0, 9736.0, 9737.0, 9738.0, 9739.0, 9740.0, 9741.0, 9742.0, 9743.0, 9744.0, 9745.0, 9746.0, 9747.0, 9748.0, 9749.0, 9750.0, 9751.0, 9752.0, 9753.0, 9754.0, 9755.0, 9756.0, 9757.0, 9758.0, 9759.0, 9760.0, 9761.0, 9762.0, 9763.0, 9764.0, 9765.0, 9766.0, 9767.0, 9768.0, 9769.0, 9770.0, 9771.0, 9772.0, 9773.0, 9774.0, 9775.0, 9776.0, 9777.0, 9778.0, 9779.0, 9780.0, 9781.0, 9782.0, 9783.0, 9784.0, 9785.0, 9786.0, 9787.0, 9788.0, 9789.0, 9790.0, 9791.0, 9792.0, 9793.0, 9794.0, 9795.0, 9796.0, 9797.0, 9798.0, 9799.0, 9800.0, 9801.0, 9802.0, 9803.0, 9804.0, 9805.0, 9806.0, 9807.0, 9808.0, 9809.0, 9810.0, 9811.0, 9812.0, 9813.0, 9814.0, 9815.0, 9816.0, 9817.0, 9818.0, 9819.0, 9820.0, 9821.0, 9822.0, 9823.0, 9824.0, 9825.0, 9826.0, 9827.0, 9828.0, 9829.0, 9830.0, 9831.0, 9832.0, 9833.0, 9834.0, 9835.0, 9836.0, 9837.0, 9838.0, 9839.0, 9840.0, 9841.0, 9842.0, 9843.0, 9844.0, 9845.0, 9846.0, 9847.0, 9848.0, 9849.0, 9850.0, 9851.0, 9852.0, 9853.0, 9854.0, 9855.0, 9856.0, 9857.0, 9858.0, 9859.0, 9860.0, 9861.0, 9862.0, 9863.0, 9864.0, 9865.0, 9866.0, 9867.0, 9868.0, 9869.0, 9870.0, 9871.0, 9872.0, 9873.0, 9874.0, 9875.0, 9876.0, 9877.0, 9878.0, 9879.0, 9880.0, 9881.0, 9882.0, 9883.0, 9884.0, 9885.0, 9886.0, 9887.0, 9888.0, 9889.0, 9890.0, 9891.0, 9892.0, 9893.0, 9894.0, 9895.0, 9896.0, 9897.0, 9898.0, 9899.0, 9900.0, 9901.0, 9902.0, 9903.0, 9904.0, 9905.0, 9906.0, 9907.0, 9908.0, 9909.0, 9910.0, 9911.0, 9912.0, 9913.0, 9914.0, 9915.0, 9916.0, 9917.0, 9918.0, 9919.0, 9920.0, 9921.0, 9922.0, 9923.0, 9924.0, 9925.0, 9926.0, 9927.0, 9928.0, 9929.0, 9930.0, 9931.0, 9932.0, 9933.0, 9934.0, 9935.0, 9936.0, 9937.0, 9938.0, 9939.0, 9940.0, 9941.0, 9942.0, 9943.0, 9944.0, 9945.0, 9946.0, 9947.0, 9948.0, 9949.0, 9950.0, 9951.0, 9952.0, 9953.0, 9954.0, 9955.0, 9956.0, 9957.0, 9958.0, 9959.0, 9960.0, 9961.0, 9962.0, 9963.0, 9964.0, 9965.0, 9966.0, 9967.0, 9968.0, 9969.0, 9970.0, 9971.0, 9972.0, 9973.0, 9974.0, 9975.0, 9976.0, 9977.0, 9978.0, 9979.0, 9980.0, 9981.0, 9982.0, 9983.0, 9984.0, 9985.0, 9986.0, 9987.0, 9988.0, 9989.0, 9990.0, 9991.0, 9992.0, 9993.0, 9994.0, 9995.0, 9996.0, 9997.0, 9998.0, 9999.0, 10000.0, 10001.0, 10002.0, 10003.0, 10004.0, 10005.0, 10006.0, 10007.0, 10008.0, 10009.0, 10010.0, 10011.0, 10012.0, 10013.0, 10014.0, 10015.0, 10016.0, 10017.0, 10018.0, 10019.0, 10020.0, 10021.0, 10022.0, 10023.0, 10024.0, 10025.0, 10026.0, 10027.0, 10028.0, 10029.0, 10030.0, 10031.0, 10032.0, 10033.0, 10034.0, 10035.0, 10036.0, 10037.0, 10038.0, 10039.0, 10040.0, 10041.0, 10042.0, 10043.0, 10044.0, 10045.0, 10046.0, 10047.0, 10048.0, 10049.0, 10050.0, 10051.0, 10052.0, 10053.0, 10054.0, 10055.0, 10056.0, 10057.0, 10058.0, 10059.0, 10060.0, 10061.0, 10062.0, 10063.0, 10064.0, 10065.0, 10066.0, 10067.0, 10068.0, 10069.0, 10070.0, 10071.0, 10072.0, 10073.0, 10074.0, 10075.0, 10076.0, 10077.0, 10078.0, 10079.0, 10080.0, 10081.0, 10082.0, 10083.0, 10084.0, 10085.0, 10086.0, 10087.0, 10088.0, 10089.0, 10090.0, 10091.0, 10092.0, 10093.0, 10094.0, 10095.0, 10096.0, 10097.0, 10098.0, 10099.0, 10100.0, 10101.0, 10102.0, 10103.0, 10104.0, 10105.0, 10106.0, 10107.0, 10108.0, 10109.0, 10110.0, 10111.0, 10112.0, 10113.0, 10114.0, 10115.0, 10116.0, 10117.0, 10118.0, 10119.0, 10120.0

Thgt.z[1]
0.0

Thgt.lat[1]
-14.0

Thgt.lon[1]
103.0


Tper.Tper[721][1][1][1]
[0][0][0], 12.345679
[1][0][0], 12.195122
[2][0][0], 12.048192
[3][0][0], 12.048192
[4][0][0], 8.849557
[5][0][0], 15.624999
[6][0][0], 8.771929
[7][0][0], 8.695652
[8][0][0], 8.695652
[9][0][0], 8.620689
[10][0][0], 8.620689
[11][0][0], 8.5470085
[12][0][0], 8.5470085
[13][0][0], 8.474576
[14][0][0], 8.403361
[15][0][0], 8.333333
[16][0][0], 8.264462
[17][0][0], 8.196721
[18][0][0], 8.130081
[19][0][0], 8.064516
[20][0][0], 14.492752
[21][0][0], 14.492752
[22][0][0], 14.285714
[23][0][0], 14.285714
[24][0][0], 14.285714
[25][0][0], 14.084507
[26][0][0], 13.888888
[27][0][0], 13.698629
[28][0][0], 13.513514
[29][0][0], 13.513514
[30][0][0], 13.333333
[31][0][0], 13.333333
[32][0][0], 13.333333
[33][0][0], 13.157894
[34][0][0], 13.157894
[35][0][0], 13.157894
[36][0][0], 13.157894
[37][0][0], 12.987012
[38][0][0], 12.820513
[39][0][0], 12.820513
[40][0][0], 12.658227
[41][0][0], 12.658227
[42][0][0], 12.499999
[43][0][0], 12.499999
[44][0][0], 12.499999
[45][0][0], 12.499999
[46][0][0], 12.499999
[47][0][0], 12.345679
[48][0][0], 12.345679
[49][0][0], 12.345679
[50][0][0], 12.345679
[51][0][0], 12.195122
[52][0][0], 12.048192
[53][0][0], 11.904761
[54][0][0], 11.904761
[55][0][0], 11.764706
[56][0][0], 11.764706
[57][0][0], 11.764706
[58][0][0], 11.627907
[59][0][0], 11.627907
[60][0][0], 11.627907
[61][0][0], 11.494252
[62][0][0], 11.494252
[63][0][0], 11.363635
[64][0][0], 11.235955
[65][0][0], 11.235955
[66][0][0], 11.235955
[67][0][0], 11.111111
[68][0][0], 11.111111
[69][0][0], 16.949152
[70][0][0], 16.949152
[71][0][0], 16.666666
[72][0][0], 16.666666
[73][0][0], 16.393442
[74][0][0], 16.393442
[75][0][0], 16.393442
[76][0][0], 16.393442
[77][0][0], 16.393442
[78][0][0], 16.129032
[79][0][0], 16.129032
[80][0][0], 15.873015
[81][0][0], 15.873015
[82][0][0], 15.624999
[83][0][0], 15.624999
[84][0][0], 15.624999
[85][0][0], 15.384614
[86][0][0], 15.384614
[87][0][0], 15.384614
[88][0][0], 15.384614
[89][0][0], 15.384614
[90][0][0], 15.151515
[91][0][0], 15.151515
[92][0][0], 15.151515
[93][0][0], 15.151515
[94][0][0], 14.925373
[95][0][0], 14.925373
[96][0][0], 14.705881
[97][0][0], 14.705881
[98][0][0], 14.492752
[99][0][0], 14.492752
[100][0][0], 14.492752
[101][0][0], 14.492752
[102][0][0], 14.492752
[103][0][0], 14.492752
[104][0][0], 14.285714
[105][0][0], 14.285714
[106][0][0], 14.285714
[107][0][0], 14.285714
[108][0][0], 14.285714
[109][0][0], 14.285714
[110][0][0], 14.084507
[111][0][0], 14.084507
[112][0][0], 13.698629
[113][0][0], 13.513514
[114][0][0], 13.333333
[115][0][0], 11.764706
[116][0][0], 11.764706
[117][0][0], 11.764706
[118][0][0], 13.157894
[119][0][0], 13.157894
[120][0][0], 13.157894
[121][0][0], 13.157894
[122][0][0], 13.333333
[123][0][0], 13.333333
[124][0][0], 13.333333
[125][0][0], 12.820513
[126][0][0], 12.658227
[127][0][0], 12.499999
[128][0][0], 12.195122
[129][0][0], 12.048192
[130][0][0], 11.904761
[131][0][0], 11.764706
[132][0][0], 11.627907
[133][0][0], 11.494252
[134][0][0], 11.235955
[135][0][0], 11.111111
[136][0][0], 10.98901
[137][0][0], 10.869564
[138][0][0], 10.752687
[139][0][0], 10.416667
[140][0][0], 10.3092785
[141][0][0], 10.204082
[142][0][0], 10.101009
[143][0][0], 10.0
[144][0][0], 9.803921
[145][0][0], 9.615384
[146][0][0], 9.523809
[147][0][0], 9.523809
[148][0][0], 9.345794
[149][0][0], 8.928571
[150][0][0], 8.849557
[151][0][0], 8.771929
[152][0][0], 8.620689
[153][0][0], 8.5470085
[154][0][0], 8.474576
[155][0][0], 8.474576
[156][0][0], 8.403361
[157][0][0], 8.403361
[158][0][0], 8.333333
[159][0][0], 8.333333
[160][0][0], 8.264462
[161][0][0], 8.196721
[162][0][0], 8.130081
[163][0][0], 10.204082
[164][0][0], 10.204082
[165][0][0], 10.204082
[166][0][0], 10.204082
[167][0][0], 10.101009
[168][0][0], 10.101009
[169][0][0], 10.0
[170][0][0], 9.90099
[171][0][0], 9.803921
[172][0][0], 9.708737
[173][0][0], 9.523809
[174][0][0], 9.433962
[175][0][0], 16.393442
[176][0][0], 16.393442
[177][0][0], 16.129032
[178][0][0], 15.873015
[179][0][0], 15.624999
[180][0][0], 15.624999
[181][0][0], 15.624999
[182][0][0], 15.384614
[183][0][0], 15.384614
[184][0][0], 15.384614
[185][0][0], 15.151515
[186][0][0], 14.925373
[187][0][0], 14.705881
[188][0][0], 14.705881
[189][0][0], 14.492752
[190][0][0], 14.492752
[191][0][0], 14.492752
[192][0][0], 14.285714
[193][0][0], 14.285714
[194][0][0], 14.084507
[195][0][0], 13.888888
[196][0][0], 13.698629
[197][0][0], 13.698629
[198][0][0], 13.513514
[199][0][0], 13.513514
[200][0][0], 13.513514
[201][0][0], 13.513514
[202][0][0], 13.513514
[203][0][0], 13.513514
[204][0][0], 13.513514
[205][0][0], 13.333333
[206][0][0], 13.157894
[207][0][0], 12.987012
[208][0][0], 12.987012
[209][0][0], 12.987012
[210][0][0], 12.987012
[211][0][0], 12.987012
[212][0][0], 12.987012
[213][0][0], 12.987012
[214][0][0], 12.987012
[215][0][0], 12.987012
[216][0][0], 12.987012
[217][0][0], 12.987012
[218][0][0], 12.987012
[219][0][0], 12.987012
[220][0][0], 12.820513
[221][0][0], 12.820513
[222][0][0], 12.820513
[223][0][0], 12.658227
[224][0][0], 12.658227
[225][0][0], 12.658227
[226][0][0], 12.499999
[227][0][0], 12.499999
[228][0][0], 12.499999
[229][0][0], 12.345679
[230][0][0], 12.345679
[231][0][0], 12.345679
[232][0][0], 12.195122
[233][0][0], 12.195122
[234][0][0], 12.195122
[235][0][0], 12.048192
[236][0][0], 20.0
[237][0][0], 19.607841
[238][0][0], 19.607841
[239][0][0], 19.230768
[240][0][0], 19.230768
[241][0][0], 18.867924
[242][0][0], 18.518518
[243][0][0], 18.518518
[244][0][0], 18.181816
[245][0][0], 17.857141
[246][0][0], 17.857141
[247][0][0], 17.543858
[248][0][0], 17.543858
[249][0][0], 17.241379
[250][0][0], 16.949152
[251][0][0], 16.666666
[252][0][0], 16.666666
[253][0][0], 16.393442
[254][0][0], 16.393442
[255][0][0], 16.129032
[256][0][0], 15.873015
[257][0][0], 15.873015
[258][0][0], 15.624999
[259][0][0], 15.384614
[260][0][0], 15.384614
[261][0][0], 15.384614
[262][0][0], 15.151515
[263][0][0], 15.151515
[264][0][0], 14.925373
[265][0][0], 14.705881
[266][0][0], 14.492752
[267][0][0], 14.492752
[268][0][0], 14.492752
[269][0][0], 14.285714
[270][0][0], 14.285714
[271][0][0], 14.285714
[272][0][0], 14.084507
[273][0][0], 14.084507
[274][0][0], 13.888888
[275][0][0], 13.698629
[276][0][0], 13.513514
[277][0][0], 13.513514
[278][0][0], 13.513514
[279][0][0], 13.333333
[280][0][0], 13.333333
[281][0][0], 13.333333
[282][0][0], 13.333333
[283][0][0], 13.157894
[284][0][0], 13.157894
[285][0][0], 12.987012
[286][0][0], 12.820513
[287][0][0], 12.658227
[288][0][0], 12.658227
[289][0][0], 12.658227
[290][0][0], 12.499999
[291][0][0], 12.499999
[292][0][0], 12.499999
[293][0][0], 12.499999
[294][0][0], 12.499999
[295][0][0], 12.345679
[296][0][0], 12.345679
[297][0][0], 12.195122
[298][0][0], 12.048192
[299][0][0], 11.904761
[300][0][0], 11.904761
[301][0][0], 11.764706
[302][0][0], 11.764706
[303][0][0], 11.764706
[304][0][0], 11.764706
[305][0][0], 11.627907
[306][0][0], 11.627907
[307][0][0], 11.627907
[308][0][0], 11.627907
[309][0][0], 11.494252
[310][0][0], 11.494252
[311][0][0], 11.494252
[312][0][0], 11.235955
[313][0][0], 10.98901
[314][0][0], 10.98901
[315][0][0], 10.869564
[316][0][0], 10.869564
[317][0][0], 10.869564
[318][0][0], 10.869564
[319][0][0], 10.869564
[320][0][0], 10.752687
[321][0][0], 9.803921
[322][0][0], 9.708737
[323][0][0], 9.708737
[324][0][0], 9.708737
[325][0][0], 9.615384
[326][0][0], 9.615384
[327][0][0], 9.615384
[328][0][0], 9.523809
[329][0][0], 9.523809
[330][0][0], 9.433962
[331][0][0], 9.433962
[332][0][0], 9.433962
[333][0][0], 9.345794
[334][0][0], 9.345794
[335][0][0], 9.259259
[336][0][0], 9.259259
[337][0][0], 9.259259
[338][0][0], 9.174312
[339][0][0], 9.174312
[340][0][0], 9.174312
[341][0][0], 9.009008
[342][0][0], 9.009008
[343][0][0], 9.009008
[344][0][0], 8.928571
[345][0][0], 8.928571
[346][0][0], 8.928571
[347][0][0], 8.928571
[348][0][0], 8.849557
[349][0][0], 8.849557
[350][0][0], 8.849557
[351][0][0], 8.771929
[352][0][0], 8.771929
[353][0][0], 8.695652
[354][0][0], 8.695652
[355][0][0], 8.620689
[356][0][0], 8.620689
[357][0][0], 8.620689
[358][0][0], 8.620689
[359][0][0], 8.620689
[360][0][0], 8.5470085
[361][0][0], 8.5470085
[362][0][0], 8.5470085
[363][0][0], 8.5470085
[364][0][0], 8.5470085
[365][0][0], 8.403361
[366][0][0], 8.333333
[367][0][0], 8.333333
[368][0][0], 8.333333
[369][0][0], 8.264462
[370][0][0], 8.264462
[371][0][0], 8.264462
[372][0][0], 11.235955
[373][0][0], 11.235955
[374][0][0], 11.111111
[375][0][0], 11.111111
[376][0][0], 11.111111
[377][0][0], 10.98901
[378][0][0], 10.98901
[379][0][0], 10.98901
[380][0][0], 10.98901
[381][0][0], 10.98901
[382][0][0], 10.98901
[383][0][0], 7.9365077
[384][0][0], 7.9365077
[385][0][0], 7.8740153
[386][0][0], 13.333333
[387][0][0], 13.333333
[388][0][0], 13.333333
[389][0][0], 13.157894
[390][0][0], 13.157894
[391][0][0], 12.820513
[392][0][0], 12.820513
[393][0][0], 12.658227
[394][0][0], 12.658227
[395][0][0], 12.658227
[396][0][0], 12.658227
[397][0][0], 12.658227
[398][0][0], 12.499999
[399][0][0], 12.499999
[400][0][0], 16.129032
[401][0][0], 16.129032
[402][0][0], 16.129032
[403][0][0], 16.129032
[404][0][0], 15.873015
[405][0][0], 15.873015
[406][0][0], 15.624999
[407][0][0], 15.624999
[408][0][0], 15.384614
[409][0][0], 15.384614
[410][0][0], 15.384614
[411][0][0], 15.151515
[412][0][0], 15.151515
[413][0][0], 14.925373
[414][0][0], 14.705881
[415][0][0], 14.492752
[416][0][0], 14.285714
[417][0][0], 14.285714
[418][0][0], 14.084507
[419][0][0], 13.888888
[420][0][0], 13.698629
[421][0][0], 13.698629
[422][0][0], 13.513514
[423][0][0], 13.513514
[424][0][0], 13.333333
[425][0][0], 13.333333
[426][0][0], 13.333333
[427][0][0], 13.157894
[428][0][0], 13.157894
[429][0][0], 13.157894
[430][0][0], 12.987012
[431][0][0], 12.820513
[432][0][0], 12.820513
[433][0][0], 12.658227
[434][0][0], 12.658227
[435][0][0], 12.658227
[436][0][0], 12.499999
[437][0][0], 12.499999
[438][0][0], 12.499999
[439][0][0], 12.499999
[440][0][0], 12.345679
[441][0][0], 12.345679
[442][0][0], 12.345679
[443][0][0], 12.195122
[444][0][0], 12.048192
[445][0][0], 11.904761
[446][0][0], 11.904761
[447][0][0], 11.904761
[448][0][0], 11.764706
[449][0][0], 11.764706
[450][0][0], 11.764706
[451][0][0], 11.764706
[452][0][0], 11.627907
[453][0][0], 11.627907
[454][0][0], 11.627907
[455][0][0], 11.494252
[456][0][0], 11.363635
[457][0][0], 11.235955
[458][0][0], 11.235955
[459][0][0], 11.111111
[460][0][0], 11.111111
[461][0][0], 11.111111
[462][0][0], 10.98901
[463][0][0], 10.98901
[464][0][0], 10.98901
[465][0][0], 10.98901
[466][0][0], 10.98901
[467][0][0], 10.98901
[468][0][0], 10.98901
[469][0][0], 10.98901
[470][0][0], 10.98901
[471][0][0], 10.98901
[472][0][0], 10.869564
[473][0][0], 10.869564
[474][0][0], 10.869564
[475][0][0], 10.752687
[476][0][0], 10.752687
[477][0][0], 10.638297
[478][0][0], 10.638297
[479][0][0], 10.638297
[480][0][0], 10.526315
[481][0][0], 10.526315
[482][0][0], 10.526315
[483][0][0], 10.526315
[484][0][0], 10.416667
[485][0][0], 10.416667
[486][0][0], 10.416667
[487][0][0], 10.416667
[488][0][0], 10.3092785
[489][0][0], 10.3092785
[490][0][0], 10.3092785
[491][0][0], 10.3092785
[492][0][0], 10.204082
[493][0][0], 10.101009
[494][0][0], 9.90099
[495][0][0], 9.615384
[496][0][0], 9.523809
[497][0][0], 9.433962
[498][0][0], 9.433962
[499][0][0], 9.433962
[500][0][0], 9.433962
[501][0][0], 9.433962
[502][0][0], 9.523809
[503][0][0], 9.615384
[504][0][0], 16.666666
[505][0][0], 16.393442
[506][0][0], 16.393442
[507][0][0], 16.129032
[508][0][0], 15.873015
[509][0][0], 15.624999
[510][0][0], 15.624999
[511][0][0], 15.384614
[512][0][0], 15.384614
[513][0][0], 15.151515
[514][0][0], 15.151515
[515][0][0], 14.925373
[516][0][0], 14.705881
[517][0][0], 14.492752
[518][0][0], 14.492752
[519][0][0], 14.285714
[520][0][0], 14.285714
[521][0][0], 14.285714
[522][0][0], 14.084507
[523][0][0], 14.084507
[524][0][0], 13.888888
[525][0][0], 13.698629
[526][0][0], 13.513514
[527][0][0], 13.333333
[528][0][0], 13.333333
[529][0][0], 13.333333
[530][0][0], 13.157894
[531][0][0], 13.157894
[532][0][0], 12.987012
[533][0][0], 12.820513
[534][0][0], 12.658227
[535][0][0], 12.658227
[536][0][0], 12.499999
[537][0][0], 12.499999
[538][0][0], 12.345679
[539][0][0], 12.345679
[540][0][0], 12.345679
[541][0][0], 12.345679
[542][0][0], 12.195122
[543][0][0], 11.363635
[544][0][0], 11.363635
[545][0][0], 11.235955
[546][0][0], 11.235955
[547][0][0], 11.235955
[548][0][0], 11.235955
[549][0][0], 11.111111
[550][0][0], 11.111111
[551][0][0], 11.111111
[552][0][0], 10.98901
[553][0][0], 10.98901
[554][0][0], 10.98901
[555][0][0], 10.98901
[556][0][0], 10.98901
[557][0][0], 10.752687
[558][0][0], 10.752687
[559][0][0], 10.752687
[560][0][0], 10.752687
[561][0][0], 10.0
[562][0][0], 9.90099
[563][0][0], 9.90099
[564][0][0], 9.803921
[565][0][0], 9.803921
[566][0][0], 9.803921
[567][0][0], 9.803921
[568][0][0], 9.803921
[569][0][0], 9.803921
[570][0][0], 9.803921
[571][0][0], 9.803921
[572][0][0], 9.803921
[573][0][0], 9.803921
[574][0][0], 9.803921
[575][0][0], 9.803921
[576][0][0], 9.803921
[577][0][0], 9.90099
[578][0][0], 9.90099
[579][0][0], 9.90099
[580][0][0], 9.90099
[581][0][0], 9.345794
[582][0][0], 9.345794
[583][0][0], 9.345794
[584][0][0], 9.345794
[585][0][0], 9.345794
[586][0][0], 9.345794
[587][0][0], 9.345794
[588][0][0], 9.345794
[589][0][0], 9.345794
[590][0][0], 9.345794
[591][0][0], 9.345794
[592][0][0], 9.345794
[593][0][0], 9.345794
[594][0][0], 9.345794
[595][0][0], 9.345794
[596][0][0], 9.345794
[597][0][0], 9.345794
[598][0][0], 9.433962
[599][0][0], 9.433962
[600][0][0], 9.433962
[601][0][0], 9.433962
[602][0][0], 9.433962
[603][0][0], 9.433962
[604][0][0], 9.433962
[605][0][0], 8.928571
[606][0][0], 8.928571
[607][0][0], 8.928571
[608][0][0], 8.928571
[609][0][0], 8.928571
[610][0][0], 8.928571
[611][0][0], 9.009008
[612][0][0], 9.009008
[613][0][0], 9.009008
[614][0][0], 9.090908
[615][0][0], 9.090908
[616][0][0], 9.174312
[617][0][0], 9.174312
[618][0][0], 9.259259
[619][0][0], 9.259259
[620][0][0], 9.345794
[621][0][0], 9.345794
[622][0][0], 9.345794
[623][0][0], 9.345794
[624][0][0], 9.345794
[625][0][0], 9.345794
[626][0][0], 9.345794
[627][0][0], 9.259259
[628][0][0], 14.492752
[629][0][0], 14.285714
[630][0][0], 14.285714
[631][0][0], 14.285714
[632][0][0], 14.084507
[633][0][0], 14.084507
[634][0][0], 13.888888
[635][0][0], 13.698629
[636][0][0], 13.513514
[637][0][0], 13.513514
[638][0][0], 13.513514
[639][0][0], 13.333333
[640][0][0], 13.333333
[641][0][0], 13.157894
[642][0][0], 12.987012
[643][0][0], 12.820513
[644][0][0], 12.820513
[645][0][0], 12.658227
[646][0][0], 12.658227
[647][0][0], 12.658227
[648][0][0], 12.658227
[649][0][0], 12.499999
[650][0][0], 12.499999
[651][0][0], 12.499999
[652][0][0], 12.345679
[653][0][0], 12.195122
[654][0][0], 12.048192
[655][0][0], 12.048192
[656][0][0], 11.904761
[657][0][0], 11.904761
[658][0][0], 11.904761
[659][0][0], 11.764706
[660][0][0], 11.764706
[661][0][0], 11.764706
[662][0][0], 11.764706
[663][0][0], 11.764706
[664][0][0], 11.904761
[665][0][0], 12.820513
[666][0][0], 12.820513
[667][0][0], 12.658227
[668][0][0], 12.658227
[669][0][0], 12.658227
[670][0][0], 12.658227
[671][0][0], 12.658227
[672][0][0], 12.658227
[673][0][0], 12.658227
[674][0][0], 12.658227
[675][0][0], 12.499999
[676][0][0], 12.499999
[677][0][0], 12.499999
[678][0][0], 14.285714
[679][0][0], 14.084507
[680][0][0], 13.888888
[681][0][0], 13.698629
[682][0][0], 13.513514
[683][0][0], 13.513514
[684][0][0], 13.513514
[685][0][0], 13.333333
[686][0][0], 13.333333
[687][0][0], 13.157894
[688][0][0], 12.987012
[689][0][0], 12.820513
[690][0][0], 12.658227
[691][0][0], 12.658227
[692][0][0], 12.499999
[693][0][0], 12.499999
[694][0][0], 12.345679
[695][0][0], 12.345679
[696][0][0], 12.195122
[697][0][0], 12.048192
[698][0][0], 12.048192
[699][0][0], 11.904761
[700][0][0], 11.904761
[701][0][0], 11.904761
[702][0][0], 11.764706
[703][0][0], 11.764706
[704][0][0], 11.764706
[705][0][0], 11.764706
[706][0][0], 11.627907
[707][0][0], 11.627907
[708][0][0], 11.494252
[709][0][0], 11.363635
[710][0][0], 11.363635
[711][0][0], 11.363635
[712][0][0], 11.494252
[713][0][0], 11.494252
[714][0][0], 11.627907
[715][0][0], 11.627907
[716][0][0], 11.627907
[717][0][0], 11.627907
[718][0][0], 11.627907
[719][0][0], 11.627907
[720][0][0], 11.627907

Tper.time[721]
9400.0, 9401.0, 9402.0, 9403.0, 9404.0, 9405.0, 9406.0, 9407.0, 9408.0, 9409.0, 9410.0, 9411.0, 9412.0, 9413.0, 9414.0, 9415.0, 9416.0, 9417.0, 9418.0, 9419.0, 9420.0, 9421.0, 9422.0, 9423.0, 9424.0, 9425.0, 9426.0, 9427.0, 9428.0, 9429.0, 9430.0, 9431.0, 9432.0, 9433.0, 9434.0, 9435.0, 9436.0, 9437.0, 9438.0, 9439.0, 9440.0, 9441.0, 9442.0, 9443.0, 9444.0, 9445.0, 9446.0, 9447.0, 9448.0, 9449.0, 9450.0, 9451.0, 9452.0, 9453.0, 9454.0, 9455.0, 9456.0, 9457.0, 9458.0, 9459.0, 9460.0, 9461.0, 9462.0, 9463.0, 9464.0, 9465.0, 9466.0, 9467.0, 9468.0, 9469.0, 9470.0, 9471.0, 9472.0, 9473.0, 9474.0, 9475.0, 9476.0, 9477.0, 9478.0, 9479.0, 9480.0, 9481.0, 9482.0, 9483.0, 9484.0, 9485.0, 9486.0, 9487.0, 9488.0, 9489.0, 9490.0, 9491.0, 9492.0, 9493.0, 9494.0, 9495.0, 9496.0, 9497.0, 9498.0, 9499.0, 9500.0, 9501.0, 9502.0, 9503.0, 9504.0, 9505.0, 9506.0, 9507.0, 9508.0, 9509.0, 9510.0, 9511.0, 9512.0, 9513.0, 9514.0, 9515.0, 9516.0, 9517.0, 9518.0, 9519.0, 9520.0, 9521.0, 9522.0, 9523.0, 9524.0, 9525.0, 9526.0, 9527.0, 9528.0, 9529.0, 9530.0, 9531.0, 9532.0, 9533.0, 9534.0, 9535.0, 9536.0, 9537.0, 9538.0, 9539.0, 9540.0, 9541.0, 9542.0, 9543.0, 9544.0, 9545.0, 9546.0, 9547.0, 9548.0, 9549.0, 9550.0, 9551.0, 9552.0, 9553.0, 9554.0, 9555.0, 9556.0, 9557.0, 9558.0, 9559.0, 9560.0, 9561.0, 9562.0, 9563.0, 9564.0, 9565.0, 9566.0, 9567.0, 9568.0, 9569.0, 9570.0, 9571.0, 9572.0, 9573.0, 9574.0, 9575.0, 9576.0, 9577.0, 9578.0, 9579.0, 9580.0, 9581.0, 9582.0, 9583.0, 9584.0, 9585.0, 9586.0, 9587.0, 9588.0, 9589.0, 9590.0, 9591.0, 9592.0, 9593.0, 9594.0, 9595.0, 9596.0, 9597.0, 9598.0, 9599.0, 9600.0, 9601.0, 9602.0, 9603.0, 9604.0, 9605.0, 9606.0, 9607.0, 9608.0, 9609.0, 9610.0, 9611.0, 9612.0, 9613.0, 9614.0, 9615.0, 9616.0, 9617.0, 9618.0, 9619.0, 9620.0, 9621.0, 9622.0, 9623.0, 9624.0, 9625.0, 9626.0, 9627.0, 9628.0, 9629.0, 9630.0, 9631.0, 9632.0, 9633.0, 9634.0, 9635.0, 9636.0, 9637.0, 9638.0, 9639.0, 9640.0, 9641.0, 9642.0, 9643.0, 9644.0, 9645.0, 9646.0, 9647.0, 9648.0, 9649.0, 9650.0, 9651.0, 9652.0, 9653.0, 9654.0, 9655.0, 9656.0, 9657.0, 9658.0, 9659.0, 9660.0, 9661.0, 9662.0, 9663.0, 9664.0, 9665.0, 9666.0, 9667.0, 9668.0, 9669.0, 9670.0, 9671.0, 9672.0, 9673.0, 9674.0, 9675.0, 9676.0, 9677.0, 9678.0, 9679.0, 9680.0, 9681.0, 9682.0, 9683.0, 9684.0, 9685.0, 9686.0, 9687.0, 9688.0, 9689.0, 9690.0, 9691.0, 9692.0, 9693.0, 9694.0, 9695.0, 9696.0, 9697.0, 9698.0, 9699.0, 9700.0, 9701.0, 9702.0, 9703.0, 9704.0, 9705.0, 9706.0, 9707.0, 9708.0, 9709.0, 9710.0, 9711.0, 9712.0, 9713.0, 9714.0, 9715.0, 9716.0, 9717.0, 9718.0, 9719.0, 9720.0, 9721.0, 9722.0, 9723.0, 9724.0, 9725.0, 9726.0, 9727.0, 9728.0, 9729.0, 9730.0, 9731.0, 9732.0, 9733.0, 9734.0, 9735.0, 9736.0, 9737.0, 9738.0, 9739.0, 9740.0, 9741.0, 9742.0, 9743.0, 9744.0, 9745.0, 9746.0, 9747.0, 9748.0, 9749.0, 9750.0, 9751.0, 9752.0, 9753.0, 9754.0, 9755.0, 9756.0, 9757.0, 9758.0, 9759.0, 9760.0, 9761.0, 9762.0, 9763.0, 9764.0, 9765.0, 9766.0, 9767.0, 9768.0, 9769.0, 9770.0, 9771.0, 9772.0, 9773.0, 9774.0, 9775.0, 9776.0, 9777.0, 9778.0, 9779.0, 9780.0, 9781.0, 9782.0, 9783.0, 9784.0, 9785.0, 9786.0, 9787.0, 9788.0, 9789.0, 9790.0, 9791.0, 9792.0, 9793.0, 9794.0, 9795.0, 9796.0, 9797.0, 9798.0, 9799.0, 9800.0, 9801.0, 9802.0, 9803.0, 9804.0, 9805.0, 9806.0, 9807.0, 9808.0, 9809.0, 9810.0, 9811.0, 9812.0, 9813.0, 9814.0, 9815.0, 9816.0, 9817.0, 9818.0, 9819.0, 9820.0, 9821.0, 9822.0, 9823.0, 9824.0, 9825.0, 9826.0, 9827.0, 9828.0, 9829.0, 9830.0, 9831.0, 9832.0, 9833.0, 9834.0, 9835.0, 9836.0, 9837.0, 9838.0, 9839.0, 9840.0, 9841.0, 9842.0, 9843.0, 9844.0, 9845.0, 9846.0, 9847.0, 9848.0, 9849.0, 9850.0, 9851.0, 9852.0, 9853.0, 9854.0, 9855.0, 9856.0, 9857.0, 9858.0, 9859.0, 9860.0, 9861.0, 9862.0, 9863.0, 9864.0, 9865.0, 9866.0, 9867.0, 9868.0, 9869.0, 9870.0, 9871.0, 9872.0, 9873.0, 9874.0, 9875.0, 9876.0, 9877.0, 9878.0, 9879.0, 9880.0, 9881.0, 9882.0, 9883.0, 9884.0, 9885.0, 9886.0, 9887.0, 9888.0, 9889.0, 9890.0, 9891.0, 9892.0, 9893.0, 9894.0, 9895.0, 9896.0, 9897.0, 9898.0, 9899.0, 9900.0, 9901.0, 9902.0, 9903.0, 9904.0, 9905.0, 9906.0, 9907.0, 9908.0, 9909.0, 9910.0, 9911.0, 9912.0, 9913.0, 9914.0, 9915.0, 9916.0, 9917.0, 9918.0, 9919.0, 9920.0, 9921.0, 9922.0, 9923.0, 9924.0, 9925.0, 9926.0, 9927.0, 9928.0, 9929.0, 9930.0, 9931.0, 9932.0, 9933.0, 9934.0, 9935.0, 9936.0, 9937.0, 9938.0, 9939.0, 9940.0, 9941.0, 9942.0, 9943.0, 9944.0, 9945.0, 9946.0, 9947.0, 9948.0, 9949.0, 9950.0, 9951.0, 9952.0, 9953.0, 9954.0, 9955.0, 9956.0, 9957.0, 9958.0, 9959.0, 9960.0, 9961.0, 9962.0, 9963.0, 9964.0, 9965.0, 9966.0, 9967.0, 9968.0, 9969.0, 9970.0, 9971.0, 9972.0, 9973.0, 9974.0, 9975.0, 9976.0, 9977.0, 9978.0, 9979.0, 9980.0, 9981.0, 9982.0, 9983.0, 9984.0, 9985.0, 9986.0, 9987.0, 9988.0, 9989.0, 9990.0, 9991.0, 9992.0, 9993.0, 9994.0, 9995.0, 9996.0, 9997.0, 9998.0, 9999.0, 10000.0, 10001.0, 10002.0, 10003.0, 10004.0, 10005.0, 10006.0, 10007.0, 10008.0, 10009.0, 10010.0, 10011.0, 10012.0, 10013.0, 10014.0, 10015.0, 10016.0, 10017.0, 10018.0, 10019.0, 10020.0, 10021.0, 10022.0, 10023.0, 10024.0, 10025.0, 10026.0, 10027.0, 10028.0, 10029.0, 10030.0, 10031.0, 10032.0, 10033.0, 10034.0, 10035.0, 10036.0, 10037.0, 10038.0, 10039.0, 10040.0, 10041.0, 10042.0, 10043.0, 10044.0, 10045.0, 10046.0, 10047.0, 10048.0, 10049.0, 10050.0, 10051.0, 10052.0, 10053.0, 10054.0, 10055.0, 10056.0, 10057.0, 10058.0, 10059.0, 10060.0, 10061.0, 10062.0, 10063.0, 10064.0, 10065.0, 10066.0, 10067.0, 10068.0, 10069.0, 10070.0, 10071.0, 10072.0, 10073.0, 10074.0, 10075.0, 10076.0, 10077.0, 10078.0, 10079.0, 10080.0, 10081.0, 10082.0, 10083.0, 10084.0, 10085.0, 10086.0, 10087.0, 10088.0, 10089.0, 10090.0, 10091.0, 10092.0, 10093.0, 10094.0, 10095.0, 10096.0, 10097.0, 10098.0, 10099.0, 10100.0, 10101.0, 10102.0, 10103.0, 10104.0, 10105.0, 10106.0, 10107.0, 10108.0, 10109.0, 10110.0, 10111.0, 10112.0, 10113.0, 10114.0, 10115.0, 10116.0, 10117.0, 10118.0, 10119.0, 10120.0

Tper.z[1]
0.0

Tper.lat[1]
-14.0

Tper.lon[1]
103.0


Tdir.Tdir[721][1][1][1]
[0][0][0], 221.0
[1][0][0], 220.0
[2][0][0], 221.0
[3][0][0], 221.0
[4][0][0], 177.0
[5][0][0], 221.0
[6][0][0], 180.0
[7][0][0], 181.0
[8][0][0], 187.0
[9][0][0], 198.0
[10][0][0], 222.0
[11][0][0], 262.0
[12][0][0], 291.0
[13][0][0], 305.0
[14][0][0], 312.0
[15][0][0], 315.0
[16][0][0], 317.0
[17][0][0], 317.0
[18][0][0], 329.0
[19][0][0], 328.0
[20][0][0], 218.0
[21][0][0], 218.0
[22][0][0], 218.0
[23][0][0], 217.0
[24][0][0], 217.0
[25][0][0], 216.0
[26][0][0], 213.0
[27][0][0], 213.0
[28][0][0], 213.0
[29][0][0], 213.0
[30][0][0], 213.0
[31][0][0], 213.0
[32][0][0], 213.0
[33][0][0], 214.0
[34][0][0], 214.0
[35][0][0], 214.0
[36][0][0], 214.0
[37][0][0], 212.0
[38][0][0], 212.0
[39][0][0], 212.0
[40][0][0], 212.0
[41][0][0], 212.0
[42][0][0], 212.0
[43][0][0], 213.0
[44][0][0], 213.0
[45][0][0], 213.0
[46][0][0], 213.0
[47][0][0], 213.0
[48][0][0], 213.0
[49][0][0], 213.0
[50][0][0], 213.0
[51][0][0], 212.0
[52][0][0], 212.0
[53][0][0], 211.0
[54][0][0], 211.0
[55][0][0], 211.0
[56][0][0], 211.0
[57][0][0], 211.0
[58][0][0], 211.0
[59][0][0], 211.0
[60][0][0], 211.0
[61][0][0], 211.0
[62][0][0], 211.0
[63][0][0], 211.0
[64][0][0], 211.0
[65][0][0], 211.0
[66][0][0], 211.0
[67][0][0], 211.0
[68][0][0], 211.0
[69][0][0], 216.0
[70][0][0], 215.0
[71][0][0], 215.0
[72][0][0], 215.0
[73][0][0], 215.0
[74][0][0], 215.0
[75][0][0], 215.0
[76][0][0], 215.0
[77][0][0], 215.0
[78][0][0], 215.0
[79][0][0], 215.0
[80][0][0], 215.0
[81][0][0], 215.0
[82][0][0], 215.0
[83][0][0], 215.0
[84][0][0], 215.0
[85][0][0], 215.0
[86][0][0], 215.0
[87][0][0], 215.0
[88][0][0], 215.0
[89][0][0], 215.0
[90][0][0], 215.0
[91][0][0], 215.0
[92][0][0], 215.0
[93][0][0], 215.0
[94][0][0], 215.0
[95][0][0], 214.0
[96][0][0], 214.0
[97][0][0], 214.0
[98][0][0], 214.0
[99][0][0], 214.0
[100][0][0], 214.0
[101][0][0], 214.0
[102][0][0], 215.0
[103][0][0], 215.0
[104][0][0], 215.0
[105][0][0], 215.0
[106][0][0], 215.0
[107][0][0], 215.0
[108][0][0], 215.0
[109][0][0], 215.0
[110][0][0], 214.0
[111][0][0], 214.0
[112][0][0], 211.0
[113][0][0], 211.0
[114][0][0], 211.0
[115][0][0], 198.0
[116][0][0], 198.0
[117][0][0], 199.0
[118][0][0], 219.0
[119][0][0], 223.0
[120][0][0], 227.0
[121][0][0], 232.0
[122][0][0], 237.0
[123][0][0], 242.0
[124][0][0], 246.0
[125][0][0], 247.0
[126][0][0], 249.0
[127][0][0], 250.0
[128][0][0], 248.0
[129][0][0], 249.0
[130][0][0], 249.0
[131][0][0], 248.0
[132][0][0], 247.0
[133][0][0], 246.0
[134][0][0], 245.0
[135][0][0], 244.0
[136][0][0], 243.0
[137][0][0], 241.0
[138][0][0], 246.0
[139][0][0], 245.0
[140][0][0], 244.0
[141][0][0], 241.0
[142][0][0], 238.0
[143][0][0], 254.0
[144][0][0], 253.0
[145][0][0], 252.0
[146][0][0], 251.0
[147][0][0], 248.0
[148][0][0], 244.0
[149][0][0], 267.0
[150][0][0], 267.0
[151][0][0], 267.0
[152][0][0], 272.0
[153][0][0], 273.0
[154][0][0], 273.0
[155][0][0], 273.0
[156][0][0], 273.0
[157][0][0], 273.0
[158][0][0], 272.0
[159][0][0], 272.0
[160][0][0], 271.0
[161][0][0], 270.0
[162][0][0], 274.0
[163][0][0], 187.0
[164][0][0], 187.0
[165][0][0], 187.0
[166][0][0], 186.0
[167][0][0], 186.0
[168][0][0], 186.0
[169][0][0], 188.0
[170][0][0], 187.0
[171][0][0], 187.0
[172][0][0], 186.0
[173][0][0], 183.0
[174][0][0], 182.0
[175][0][0], 202.0
[176][0][0], 201.0
[177][0][0], 201.0
[178][0][0], 204.0
[179][0][0], 203.0
[180][0][0], 203.0
[181][0][0], 203.0
[182][0][0], 203.0
[183][0][0], 203.0
[184][0][0], 203.0
[185][0][0], 202.0
[186][0][0], 205.0
[187][0][0], 205.0
[188][0][0], 205.0
[189][0][0], 205.0
[190][0][0], 205.0
[191][0][0], 205.0
[192][0][0], 205.0
[193][0][0], 206.0
[194][0][0], 206.0
[195][0][0], 207.0
[196][0][0], 207.0
[197][0][0], 207.0
[198][0][0], 208.0
[199][0][0], 208.0
[200][0][0], 208.0
[201][0][0], 208.0
[202][0][0], 209.0
[203][0][0], 209.0
[204][0][0], 209.0
[205][0][0], 209.0
[206][0][0], 210.0
[207][0][0], 210.0
[208][0][0], 210.0
[209][0][0], 210.0
[210][0][0], 210.0
[211][0][0], 210.0
[212][0][0], 210.0
[213][0][0], 210.0
[214][0][0], 210.0
[215][0][0], 210.0
[216][0][0], 209.0
[217][0][0], 209.0
[218][0][0], 209.0
[219][0][0], 208.0
[220][0][0], 208.0
[221][0][0], 207.0
[222][0][0], 207.0
[223][0][0], 206.0
[224][0][0], 206.0
[225][0][0], 206.0
[226][0][0], 206.0
[227][0][0], 206.0
[228][0][0], 206.0
[229][0][0], 206.0
[230][0][0], 206.0
[231][0][0], 206.0
[232][0][0], 207.0
[233][0][0], 207.0
[234][0][0], 207.0
[235][0][0], 207.0
[236][0][0], 190.0
[237][0][0], 189.0
[238][0][0], 192.0
[239][0][0], 192.0
[240][0][0], 191.0
[241][0][0], 191.0
[242][0][0], 190.0
[243][0][0], 190.0
[244][0][0], 192.0
[245][0][0], 192.0
[246][0][0], 192.0
[247][0][0], 192.0
[248][0][0], 191.0
[249][0][0], 191.0
[250][0][0], 192.0
[251][0][0], 193.0
[252][0][0], 193.0
[253][0][0], 193.0
[254][0][0], 193.0
[255][0][0], 193.0
[256][0][0], 193.0
[257][0][0], 194.0
[258][0][0], 194.0
[259][0][0], 194.0
[260][0][0], 195.0
[261][0][0], 195.0
[262][0][0], 195.0
[263][0][0], 195.0
[264][0][0], 195.0
[265][0][0], 195.0
[266][0][0], 195.0
[267][0][0], 196.0
[268][0][0], 196.0
[269][0][0], 196.0
[270][0][0], 197.0
[271][0][0], 197.0
[272][0][0], 197.0
[273][0][0], 197.0
[274][0][0], 196.0
[275][0][0], 197.0
[276][0][0], 197.0
[277][0][0], 197.0
[278][0][0], 197.0
[279][0][0], 198.0
[280][0][0], 198.0
[281][0][0], 198.0
[282][0][0], 198.0
[283][0][0], 198.0
[284][0][0], 198.0
[285][0][0], 198.0
[286][0][0], 198.0
[287][0][0], 198.0
[288][0][0], 198.0
[289][0][0], 198.0
[290][0][0], 198.0
[291][0][0], 198.0
[292][0][0], 198.0
[293][0][0], 198.0
[294][0][0], 198.0
[295][0][0], 198.0
[296][0][0], 198.0
[297][0][0], 198.0
[298][0][0], 198.0
[299][0][0], 198.0
[300][0][0], 198.0
[301][0][0], 197.0
[302][0][0], 197.0
[303][0][0], 197.0
[304][0][0], 197.0
[305][0][0], 197.0
[306][0][0], 197.0
[307][0][0], 197.0
[308][0][0], 197.0
[309][0][0], 197.0
[310][0][0], 198.0
[311][0][0], 198.0
[312][0][0], 193.0
[313][0][0], 193.0
[314][0][0], 193.0
[315][0][0], 193.0
[316][0][0], 193.0
[317][0][0], 194.0
[318][0][0], 194.0
[319][0][0], 194.0
[320][0][0], 194.0
[321][0][0], 177.0
[322][0][0], 177.0
[323][0][0], 176.0
[324][0][0], 176.0
[325][0][0], 176.0
[326][0][0], 175.0
[327][0][0], 175.0
[328][0][0], 174.0
[329][0][0], 174.0
[330][0][0], 174.0
[331][0][0], 173.0
[332][0][0], 173.0
[333][0][0], 173.0
[334][0][0], 169.0
[335][0][0], 169.0
[336][0][0], 169.0
[337][0][0], 168.0
[338][0][0], 168.0
[339][0][0], 168.0
[340][0][0], 168.0
[341][0][0], 166.0
[342][0][0], 166.0
[343][0][0], 166.0
[344][0][0], 166.0
[345][0][0], 165.0
[346][0][0], 165.0
[347][0][0], 165.0
[348][0][0], 165.0
[349][0][0], 165.0
[350][0][0], 165.0
[351][0][0], 164.0
[352][0][0], 164.0
[353][0][0], 164.0
[354][0][0], 164.0
[355][0][0], 164.0
[356][0][0], 164.0
[357][0][0], 164.0
[358][0][0], 164.0
[359][0][0], 164.0
[360][0][0], 164.0
[361][0][0], 163.0
[362][0][0], 163.0
[363][0][0], 163.0
[364][0][0], 162.0
[365][0][0], 161.0
[366][0][0], 161.0
[367][0][0], 161.0
[368][0][0], 161.0
[369][0][0], 161.0
[370][0][0], 160.0
[371][0][0], 160.0
[372][0][0], 224.0
[373][0][0], 224.0
[374][0][0], 224.0
[375][0][0], 223.0
[376][0][0], 223.0
[377][0][0], 222.0
[378][0][0], 222.0
[379][0][0], 222.0
[380][0][0], 221.0
[381][0][0], 221.0
[382][0][0], 220.0
[383][0][0], 160.0
[384][0][0], 160.0
[385][0][0], 160.0
[386][0][0], 206.0
[387][0][0], 206.0
[388][0][0], 206.0
[389][0][0], 206.0
[390][0][0], 206.0
[391][0][0], 207.0
[392][0][0], 207.0
[393][0][0], 207.0
[394][0][0], 207.0
[395][0][0], 207.0
[396][0][0], 207.0
[397][0][0], 207.0
[398][0][0], 207.0
[399][0][0], 207.0
[400][0][0], 192.0
[401][0][0], 192.0
[402][0][0], 192.0
[403][0][0], 194.0
[404][0][0], 193.0
[405][0][0], 193.0
[406][0][0], 193.0
[407][0][0], 193.0
[408][0][0], 192.0
[409][0][0], 192.0
[410][0][0], 192.0
[411][0][0], 192.0
[412][0][0], 192.0
[413][0][0], 195.0
[414][0][0], 195.0
[415][0][0], 195.0
[416][0][0], 194.0
[417][0][0], 194.0
[418][0][0], 194.0
[419][0][0], 196.0
[420][0][0], 196.0
[421][0][0], 196.0
[422][0][0], 196.0
[423][0][0], 196.0
[424][0][0], 196.0
[425][0][0], 196.0
[426][0][0], 196.0
[427][0][0], 196.0
[428][0][0], 196.0
[429][0][0], 196.0
[430][0][0], 197.0
[431][0][0], 197.0
[432][0][0], 197.0
[433][0][0], 197.0
[434][0][0], 197.0
[435][0][0], 197.0
[436][0][0], 197.0
[437][0][0], 197.0
[438][0][0], 197.0
[439][0][0], 197.0
[440][0][0], 197.0
[441][0][0], 197.0
[442][0][0], 197.0
[443][0][0], 198.0
[444][0][0], 198.0
[445][0][0], 198.0
[446][0][0], 198.0
[447][0][0], 198.0
[448][0][0], 198.0
[449][0][0], 198.0
[450][0][0], 198.0
[451][0][0], 198.0
[452][0][0], 198.0
[453][0][0], 198.0
[454][0][0], 198.0
[455][0][0], 198.0
[456][0][0], 199.0
[457][0][0], 200.0
[458][0][0], 200.0
[459][0][0], 200.0
[460][0][0], 200.0
[461][0][0], 200.0
[462][0][0], 200.0
[463][0][0], 200.0
[464][0][0], 200.0
[465][0][0], 201.0
[466][0][0], 201.0
[467][0][0], 201.0
[468][0][0], 201.0
[469][0][0], 201.0
[470][0][0], 201.0
[471][0][0], 202.0
[472][0][0], 202.0
[473][0][0], 201.0
[474][0][0], 201.0
[475][0][0], 201.0
[476][0][0], 201.0
[477][0][0], 203.0
[478][0][0], 203.0
[479][0][0], 203.0
[480][0][0], 203.0
[481][0][0], 203.0
[482][0][0], 203.0
[483][0][0], 202.0
[484][0][0], 202.0
[485][0][0], 203.0
[486][0][0], 202.0
[487][0][0], 202.0
[488][0][0], 202.0
[489][0][0], 202.0
[490][0][0], 201.0
[491][0][0], 201.0
[492][0][0], 200.0
[493][0][0], 199.0
[494][0][0], 193.0
[495][0][0], 190.0
[496][0][0], 187.0
[497][0][0], 185.0
[498][0][0], 182.0
[499][0][0], 180.0
[500][0][0], 178.0
[501][0][0], 176.0
[502][0][0], 175.0
[503][0][0], 174.0
[504][0][0], 195.0
[505][0][0], 195.0
[506][0][0], 195.0
[507][0][0], 195.0
[508][0][0], 197.0
[509][0][0], 197.0
[510][0][0], 197.0
[511][0][0], 197.0
[512][0][0], 197.0
[513][0][0], 197.0
[514][0][0], 197.0
[515][0][0], 197.0
[516][0][0], 198.0
[517][0][0], 198.0
[518][0][0], 198.0
[519][0][0], 199.0
[520][0][0], 199.0
[521][0][0], 200.0
[522][0][0], 200.0
[523][0][0], 200.0
[524][0][0], 200.0
[525][0][0], 200.0
[526][0][0], 200.0
[527][0][0], 200.0
[528][0][0], 200.0
[529][0][0], 201.0
[530][0][0], 201.0
[531][0][0], 201.0
[532][0][0], 203.0
[533][0][0], 202.0
[534][0][0], 202.0
[535][0][0], 202.0
[536][0][0], 202.0
[537][0][0], 202.0
[538][0][0], 202.0
[539][0][0], 202.0
[540][0][0], 202.0
[541][0][0], 202.0
[542][0][0], 202.0
[543][0][0], 203.0
[544][0][0], 203.0
[545][0][0], 203.0
[546][0][0], 202.0
[547][0][0], 202.0
[548][0][0], 201.0
[549][0][0], 201.0
[550][0][0], 200.0
[551][0][0], 199.0
[552][0][0], 198.0
[553][0][0], 197.0
[554][0][0], 197.0
[555][0][0], 196.0
[556][0][0], 196.0
[557][0][0], 197.0
[558][0][0], 197.0
[559][0][0], 197.0
[560][0][0], 198.0
[561][0][0], 191.0
[562][0][0], 192.0
[563][0][0], 193.0
[564][0][0], 194.0
[565][0][0], 195.0
[566][0][0], 195.0
[567][0][0], 195.0
[568][0][0], 195.0
[569][0][0], 194.0
[570][0][0], 193.0
[571][0][0], 192.0
[572][0][0], 191.0
[573][0][0], 190.0
[574][0][0], 189.0
[575][0][0], 188.0
[576][0][0], 187.0
[577][0][0], 187.0
[578][0][0], 186.0
[579][0][0], 186.0
[580][0][0], 187.0
[581][0][0], 183.0
[582][0][0], 185.0
[583][0][0], 187.0
[584][0][0], 189.0
[585][0][0], 192.0
[586][0][0], 196.0
[587][0][0], 201.0
[588][0][0], 206.0
[589][0][0], 211.0
[590][0][0], 216.0
[591][0][0], 220.0
[592][0][0], 225.0
[593][0][0], 229.0
[594][0][0], 233.0
[595][0][0], 236.0
[596][0][0], 225.0
[597][0][0], 227.0
[598][0][0], 229.0
[599][0][0], 231.0
[600][0][0], 233.0
[601][0][0], 235.0
[602][0][0], 236.0
[603][0][0], 236.0
[604][0][0], 236.0
[605][0][0], 241.0
[606][0][0], 241.0
[607][0][0], 241.0
[608][0][0], 240.0
[609][0][0], 239.0
[610][0][0], 238.0
[611][0][0], 236.0
[612][0][0], 235.0
[613][0][0], 233.0
[614][0][0], 231.0
[615][0][0], 228.0
[616][0][0], 227.0
[617][0][0], 225.0
[618][0][0], 225.0
[619][0][0], 225.0
[620][0][0], 226.0
[621][0][0], 226.0
[622][0][0], 232.0
[623][0][0], 239.0
[624][0][0], 244.0
[625][0][0], 250.0
[626][0][0], 254.0
[627][0][0], 259.0
[628][0][0], 207.0
[629][0][0], 206.0
[630][0][0], 206.0
[631][0][0], 206.0
[632][0][0], 206.0
[633][0][0], 207.0
[634][0][0], 209.0
[635][0][0], 209.0
[636][0][0], 209.0
[637][0][0], 209.0
[638][0][0], 209.0
[639][0][0], 209.0
[640][0][0], 209.0
[641][0][0], 209.0
[642][0][0], 212.0
[643][0][0], 212.0
[644][0][0], 212.0
[645][0][0], 212.0
[646][0][0], 212.0
[647][0][0], 212.0
[648][0][0], 212.0
[649][0][0], 212.0
[650][0][0], 213.0
[651][0][0], 213.0
[652][0][0], 214.0
[653][0][0], 215.0
[654][0][0], 215.0
[655][0][0], 215.0
[656][0][0], 215.0
[657][0][0], 214.0
[658][0][0], 215.0
[659][0][0], 215.0
[660][0][0], 215.0
[661][0][0], 215.0
[662][0][0], 216.0
[663][0][0], 216.0
[664][0][0], 217.0
[665][0][0], 220.0
[666][0][0], 220.0
[667][0][0], 220.0
[668][0][0], 220.0
[669][0][0], 219.0
[670][0][0], 219.0
[671][0][0], 219.0
[672][0][0], 219.0
[673][0][0], 219.0
[674][0][0], 219.0
[675][0][0], 219.0
[676][0][0], 219.0
[677][0][0], 218.0
[678][0][0], 211.0
[679][0][0], 210.0
[680][0][0], 213.0
[681][0][0], 212.0
[682][0][0], 211.0
[683][0][0], 211.0
[684][0][0], 210.0
[685][0][0], 210.0
[686][0][0], 210.0
[687][0][0], 210.0
[688][0][0], 210.0
[689][0][0], 210.0
[690][0][0], 210.0
[691][0][0], 210.0
[692][0][0], 211.0
[693][0][0], 211.0
[694][0][0], 212.0
[695][0][0], 213.0
[696][0][0], 211.0
[697][0][0], 211.0
[698][0][0], 212.0
[699][0][0], 212.0
[700][0][0], 213.0
[701][0][0], 213.0
[702][0][0], 214.0
[703][0][0], 215.0
[704][0][0], 216.0
[705][0][0], 217.0
[706][0][0], 218.0
[707][0][0], 219.0
[708][0][0], 219.0
[709][0][0], 217.0
[710][0][0], 217.0
[711][0][0], 218.0
[712][0][0], 218.0
[713][0][0], 221.0
[714][0][0], 221.0
[715][0][0], 221.0
[716][0][0], 221.0
[717][0][0], 221.0
[718][0][0], 221.0
[719][0][0], 221.0
[720][0][0], 222.0

Tdir.time[721]
9400.0, 9401.0, 9402.0, 9403.0, 9404.0, 9405.0, 9406.0, 9407.0, 9408.0, 9409.0, 9410.0, 9411.0, 9412.0, 9413.0, 9414.0, 9415.0, 9416.0, 9417.0, 9418.0, 9419.0, 9420.0, 9421.0, 9422.0, 9423.0, 9424.0, 9425.0, 9426.0, 9427.0, 9428.0, 9429.0, 9430.0, 9431.0, 9432.0, 9433.0, 9434.0, 9435.0, 9436.0, 9437.0, 9438.0, 9439.0, 9440.0, 9441.0, 9442.0, 9443.0, 9444.0, 9445.0, 9446.0, 9447.0, 9448.0, 9449.0, 9450.0, 9451.0, 9452.0, 9453.0, 9454.0, 9455.0, 9456.0, 9457.0, 9458.0, 9459.0, 9460.0, 9461.0, 9462.0, 9463.0, 9464.0, 9465.0, 9466.0, 9467.0, 9468.0, 9469.0, 9470.0, 9471.0, 9472.0, 9473.0, 9474.0, 9475.0, 9476.0, 9477.0, 9478.0, 9479.0, 9480.0, 9481.0, 9482.0, 9483.0, 9484.0, 9485.0, 9486.0, 9487.0, 9488.0, 9489.0, 9490.0, 9491.0, 9492.0, 9493.0, 9494.0, 9495.0, 9496.0, 9497.0, 9498.0, 9499.0, 9500.0, 9501.0, 9502.0, 9503.0, 9504.0, 9505.0, 9506.0, 9507.0, 9508.0, 9509.0, 9510.0, 9511.0, 9512.0, 9513.0, 9514.0, 9515.0, 9516.0, 9517.0, 9518.0, 9519.0, 9520.0, 9521.0, 9522.0, 9523.0, 9524.0, 9525.0, 9526.0, 9527.0, 9528.0, 9529.0, 9530.0, 9531.0, 9532.0, 9533.0, 9534.0, 9535.0, 9536.0, 9537.0, 9538.0, 9539.0, 9540.0, 9541.0, 9542.0, 9543.0, 9544.0, 9545.0, 9546.0, 9547.0, 9548.0, 9549.0, 9550.0, 9551.0, 9552.0, 9553.0, 9554.0, 9555.0, 9556.0, 9557.0, 9558.0, 9559.0, 9560.0, 9561.0, 9562.0, 9563.0, 9564.0, 9565.0, 9566.0, 9567.0, 9568.0, 9569.0, 9570.0, 9571.0, 9572.0, 9573.0, 9574.0, 9575.0, 9576.0, 9577.0, 9578.0, 9579.0, 9580.0, 9581.0, 9582.0, 9583.0, 9584.0, 9585.0, 9586.0, 9587.0, 9588.0, 9589.0, 9590.0, 9591.0, 9592.0, 9593.0, 9594.0, 9595.0, 9596.0, 9597.0, 9598.0, 9599.0, 9600.0, 9601.0, 9602.0, 9603.0, 9604.0, 9605.0, 9606.0, 9607.0, 9608.0, 9609.0, 9610.0, 9611.0, 9612.0, 9613.0, 9614.0, 9615.0, 9616.0, 9617.0, 9618.0, 9619.0, 9620.0, 9621.0, 9622.0, 9623.0, 9624.0, 9625.0, 9626.0, 9627.0, 9628.0, 9629.0, 9630.0, 9631.0, 9632.0, 9633.0, 9634.0, 9635.0, 9636.0, 9637.0, 9638.0, 9639.0, 9640.0, 9641.0, 9642.0, 9643.0, 9644.0, 9645.0, 9646.0, 9647.0, 9648.0, 9649.0, 9650.0, 9651.0, 9652.0, 9653.0, 9654.0, 9655.0, 9656.0, 9657.0, 9658.0, 9659.0, 9660.0, 9661.0, 9662.0, 9663.0, 9664.0, 9665.0, 9666.0, 9667.0, 9668.0, 9669.0, 9670.0, 9671.0, 9672.0, 9673.0, 9674.0, 9675.0, 9676.0, 9677.0, 9678.0, 9679.0, 9680.0, 9681.0, 9682.0, 9683.0, 9684.0, 9685.0, 9686.0, 9687.0, 9688.0, 9689.0, 9690.0, 9691.0, 9692.0, 9693.0, 9694.0, 9695.0, 9696.0, 9697.0, 9698.0, 9699.0, 9700.0, 9701.0, 9702.0, 9703.0, 9704.0, 9705.0, 9706.0, 9707.0, 9708.0, 9709.0, 9710.0, 9711.0, 9712.0, 9713.0, 9714.0, 9715.0, 9716.0, 9717.0, 9718.0, 9719.0, 9720.0, 9721.0, 9722.0, 9723.0, 9724.0, 9725.0, 9726.0, 9727.0, 9728.0, 9729.0, 9730.0, 9731.0, 9732.0, 9733.0, 9734.0, 9735.0, 9736.0, 9737.0, 9738.0, 9739.0, 9740.0, 9741.0, 9742.0, 9743.0, 9744.0, 9745.0, 9746.0, 9747.0, 9748.0, 9749.0, 9750.0, 9751.0, 9752.0, 9753.0, 9754.0, 9755.0, 9756.0, 9757.0, 9758.0, 9759.0, 9760.0, 9761.0, 9762.0, 9763.0, 9764.0, 9765.0, 9766.0, 9767.0, 9768.0, 9769.0, 9770.0, 9771.0, 9772.0, 9773.0, 9774.0, 9775.0, 9776.0, 9777.0, 9778.0, 9779.0, 9780.0, 9781.0, 9782.0, 9783.0, 9784.0, 9785.0, 9786.0, 9787.0, 9788.0, 9789.0, 9790.0, 9791.0, 9792.0, 9793.0, 9794.0, 9795.0, 9796.0, 9797.0, 9798.0, 9799.0, 9800.0, 9801.0, 9802.0, 9803.0, 9804.0, 9805.0, 9806.0, 9807.0, 9808.0, 9809.0, 9810.0, 9811.0, 9812.0, 9813.0, 9814.0, 9815.0, 9816.0, 9817.0, 9818.0, 9819.0, 9820.0, 9821.0, 9822.0, 9823.0, 9824.0, 9825.0, 9826.0, 9827.0, 9828.0, 9829.0, 9830.0, 9831.0, 9832.0, 9833.0, 9834.0, 9835.0, 9836.0, 9837.0, 9838.0, 9839.0, 9840.0, 9841.0, 9842.0, 9843.0, 9844.0, 9845.0, 9846.0, 9847.0, 9848.0, 9849.0, 9850.0, 9851.0, 9852.0, 9853.0, 9854.0, 9855.0, 9856.0, 9857.0, 9858.0, 9859.0, 9860.0, 9861.0, 9862.0, 9863.0, 9864.0, 9865.0, 9866.0, 9867.0, 9868.0, 9869.0, 9870.0, 9871.0, 9872.0, 9873.0, 9874.0, 9875.0, 9876.0, 9877.0, 9878.0, 9879.0, 9880.0, 9881.0, 9882.0, 9883.0, 9884.0, 9885.0, 9886.0, 9887.0, 9888.0, 9889.0, 9890.0, 9891.0, 9892.0, 9893.0, 9894.0, 9895.0, 9896.0, 9897.0, 9898.0, 9899.0, 9900.0, 9901.0, 9902.0, 9903.0, 9904.0, 9905.0, 9906.0, 9907.0, 9908.0, 9909.0, 9910.0, 9911.0, 9912.0, 9913.0, 9914.0, 9915.0, 9916.0, 9917.0, 9918.0, 9919.0, 9920.0, 9921.0, 9922.0, 9923.0, 9924.0, 9925.0, 9926.0, 9927.0, 9928.0, 9929.0, 9930.0, 9931.0, 9932.0, 9933.0, 9934.0, 9935.0, 9936.0, 9937.0, 9938.0, 9939.0, 9940.0, 9941.0, 9942.0, 9943.0, 9944.0, 9945.0, 9946.0, 9947.0, 9948.0, 9949.0, 9950.0, 9951.0, 9952.0, 9953.0, 9954.0, 9955.0, 9956.0, 9957.0, 9958.0, 9959.0, 9960.0, 9961.0, 9962.0, 9963.0, 9964.0, 9965.0, 9966.0, 9967.0, 9968.0, 9969.0, 9970.0, 9971.0, 9972.0, 9973.0, 9974.0, 9975.0, 9976.0, 9977.0, 9978.0, 9979.0, 9980.0, 9981.0, 9982.0, 9983.0, 9984.0, 9985.0, 9986.0, 9987.0, 9988.0, 9989.0, 9990.0, 9991.0, 9992.0, 9993.0, 9994.0, 9995.0, 9996.0, 9997.0, 9998.0, 9999.0, 10000.0, 10001.0, 10002.0, 10003.0, 10004.0, 10005.0, 10006.0, 10007.0, 10008.0, 10009.0, 10010.0, 10011.0, 10012.0, 10013.0, 10014.0, 10015.0, 10016.0, 10017.0, 10018.0, 10019.0, 10020.0, 10021.0, 10022.0, 10023.0, 10024.0, 10025.0, 10026.0, 10027.0, 10028.0, 10029.0, 10030.0, 10031.0, 10032.0, 10033.0, 10034.0, 10035.0, 10036.0, 10037.0, 10038.0, 10039.0, 10040.0, 10041.0, 10042.0, 10043.0, 10044.0, 10045.0, 10046.0, 10047.0, 10048.0, 10049.0, 10050.0, 10051.0, 10052.0, 10053.0, 10054.0, 10055.0, 10056.0, 10057.0, 10058.0, 10059.0, 10060.0, 10061.0, 10062.0, 10063.0, 10064.0, 10065.0, 10066.0, 10067.0, 10068.0, 10069.0, 10070.0, 10071.0, 10072.0, 10073.0, 10074.0, 10075.0, 10076.0, 10077.0, 10078.0, 10079.0, 10080.0, 10081.0, 10082.0, 10083.0, 10084.0, 10085.0, 10086.0, 10087.0, 10088.0, 10089.0, 10090.0, 10091.0, 10092.0, 10093.0, 10094.0, 10095.0, 10096.0, 10097.0, 10098.0, 10099.0, 10100.0, 10101.0, 10102.0, 10103.0, 10104.0, 10105.0, 10106.0, 10107.0, 10108.0, 10109.0, 10110.0, 10111.0, 10112.0, 10113.0, 10114.0, 10115.0, 10116.0, 10117.0, 10118.0, 10119.0, 10120.0

Tdir.z[1]
0.0

Tdir.lat[1]
-14.0

Tdir.lon[1]
103.0


